
# Total neutron yield = 0.0  n/decay
	 b10 0.0
	 b11 0.0
# Integral of spectrum = 5.762414942803471e-08  n/decay
100 4.146062935827556e-11
200 7.660584131592096e-11
300 8.468962906131768e-11
400 8.304678415876436e-11
500 6.40172236702894e-11
600 5.229128732872027e-11
700 4.395117689348903e-11
800 3.606740114773089e-11
900 2.816952285863023e-11
1000 2.1998412340503564e-11
1100 1.701074634387381e-11
1200 1.2481799107834656e-11
1300 8.766905397767077e-12
1400 4.6108815138906436e-12
1500 1.0732537833389833e-12
1600 0.0
1700 0.0
1800 0.0
1900 0.0
2000 0.0
2100 0.0
2200 0.0
2300 0.0
2400 0.0
2500 0.0
2600 0.0
2700 0.0
2800 0.0
2900 0.0
3000 0.0
3100 0.0
3200 0.0
3300 0.0
3400 0.0
3500 0.0
3600 0.0
3700 0.0
3800 0.0
3900 0.0
4000 0.0
4100 0.0
4200 0.0
4300 0.0
4400 0.0
4500 0.0
4600 0.0
4700 0.0
4800 0.0
4900 0.0
5000 0.0
5100 0.0
5200 0.0
5300 0.0
5400 0.0
5500 0.0
5600 0.0
5700 0.0
5800 0.0
5900 0.0
6000 0.0
6100 0.0
6200 0.0
6300 0.0
6400 0.0
6500 0.0
6600 0.0
6700 0.0
6800 0.0
6900 0.0
7000 0.0
7100 0.0
7200 0.0
7300 0.0
7400 0.0
7500 0.0
7600 0.0
7700 0.0
7800 0.0
7900 0.0
8000 0.0
8100 0.0
8200 0.0
8300 0.0
8400 0.0
8500 0.0
8600 0.0
8700 0.0
8800 0.0
8900 0.0
9000 0.0
9100 0.0
9200 0.0
9300 0.0
9400 0.0
9500 0.0
9600 0.0
9700 0.0
9800 0.0
9900 0.0
10000 0.0
10100 0.0
10200 0.0
10300 0.0
10400 0.0
10500 0.0
10600 0.0
10700 0.0
10800 0.0
10900 0.0
11000 0.0
11100 0.0
11200 0.0
11300 0.0
11400 0.0
11500 0.0
11600 0.0
11700 0.0
11800 0.0
11900 0.0
12000 0.0
12100 0.0
12200 0.0
12300 0.0
12400 0.0
12500 0.0
12600 0.0
12700 0.0
12800 0.0
12900 0.0
13000 0.0
13100 0.0
13200 0.0
13300 0.0
13400 0.0
13500 0.0
13600 0.0
13700 0.0
13800 0.0
13900 0.0
14000 0.0
14100 0.0
14200 0.0
14300 0.0
14400 0.0
14500 0.0
14600 0.0
14700 0.0
14800 0.0
14900 0.0
15000 0.0
