
# Total neutron yield = 1.9147680242792172e-07  n/decay
	 c12 0.0
	 c13 1.9147680242792172e-07
# Integral of spectrum = 1.9618608638860202e-07  n/decay
100 9.591870589818331e-11
200 5.085090055529978e-12
300 3.0253688131548787e-15
400 3.912950378626426e-15
500 5.069391209595378e-15
600 6.57785591313782e-15
700 8.54745171704367e-15
800 1.1121250157502365e-14
900 1.448676608424611e-14
1000 1.8889469945472823e-14
1100 2.4650365389046728e-14
1200 3.218850261234694e-14
1300 4.204983238900618e-14
1400 5.494404442230042e-14
1500 7.179092835134072e-14
1600 9.377897897268708e-14
1700 1.2298155673778775e-13
1800 1.6025365557684052e-13
1900 2.0865692926176715e-13
2000 2.7136359220369573e-13
2100 3.5238786410832043e-13
2200 4.567404937043687e-13
2300 5.906565075334266e-13
2400 7.618317943631401e-13
2500 9.796663907010068e-13
2600 1.2555326641609475e-12
2700 1.6030320256188408e-12
2800 2.0382247109728336e-12
2900 2.5798186048130435e-12
3000 3.249253012922277e-12
3100 4.070676205688052e-12
3200 5.070735050621733e-12
3300 6.278142572175481e-12
3400 7.72300885351198e-12
3500 9.435841568619304e-12
3600 1.1446303272577483e-11
3700 1.378161745357862e-11
3800 1.646476222711519e-11
3900 1.951258509951159e-11
4000 2.2933826527141066e-11
4100 2.672741029698205e-11
4200 3.0881041657207586e-11
4300 3.5370457699958175e-11
4400 4.015933869388578e-11
4500 4.5200243216252304e-11
4600 5.0436213611990126e-11
4700 5.58031288082907e-11
4800 6.123222125536196e-11
4900 6.66518285299252e-11
5000 7.198755017373773e-11
5100 7.71586139242832e-11
5200 8.206926174565146e-11
5300 8.659415976879814e-11
5400 9.055931891050552e-11
5500 9.372403109757052e-11
5600 9.577272252526126e-11
5700 9.633015405878919e-11
5800 9.500949156415335e-11
5900 9.14939764232868e-11
6000 8.563746061116686e-11
6100 7.755363475844763e-11
6200 6.7657265261303e-11
6300 5.6631211121206074e-11
6400 4.531740995128814e-11
6500 3.455998867364782e-11
6600 2.504966529864295e-11
6700 1.7216465725512814e-11
6800 1.1198183550542483e-11
6900 6.881707421763423e-12
7000 3.990112009088924e-12
7100 2.1802487332354677e-12
7200 1.1215889036526909e-12
7300 5.427638683356766e-13
7400 2.4691642692907064e-13
7500 1.0554167120259375e-13
7600 4.237327597335017e-14
7700 1.5979258487471216e-14
7800 5.664034834692464e-15
7900 1.8918599676360303e-15
8000 5.998189913818916e-16
8100 1.842700396763868e-16
8200 5.790879847309206e-17
8300 2.0864736246228366e-17
8400 9.825261229318792e-18
8500 6.0629367057707135e-18
8600 4.3678002404508906e-18
8700 3.3479553949510537e-18
8800 2.6246527324374652e-18
8900 2.077631569592511e-18
9000 1.6543654128667762e-18
9100 1.323610425521147e-18
9200 1.0635453951520594e-18
9300 8.580157373929767e-19
9400 6.948358753304265e-19
9500 5.647134580041185e-19
9600 4.605262031419595e-19
9700 3.767801907299389e-19
9800 3.0921383048357487e-19
9900 2.545097980345771e-19
10000 2.1006965658563853e-19
10100 1.7385194926320906e-19
10200 1.442450704924777e-19
10300 1.1997069862267618e-19
10400 1.0001300788166651e-19
10500 8.355985548375834e-20
10600 6.996099767687423e-20
10700 5.869361721073206e-20
10800 4.933569643420579e-20
10900 1.489956157307399e-20
11000 1.1742888272417152e-20
11100 2.0956690615608942e-22
11200 1.4036654848156094e-22
11300 1.8552742833357168e-25
11400 9.946815367235978e-26
11500 1.9454859984811063e-29
11600 8.007252059879473e-30
11700 4.215407487230021e-34
11800 1.2921972518363003e-34
11900 2.075640348821152e-39
12000 4.587296531371477e-40
12100 6.832581953343107e-45
12200 1.085094595740241e-45
12300 1.6862772982613294e-46
12400 2.564342457259225e-47
12500 3.815736223245096e-48
12600 0.0
12700 0.0
12800 0.0
12900 0.0
13000 0.0
13100 0.0
13200 0.0
13300 0.0
13400 0.0
13500 0.0
13600 0.0
13700 0.0
13800 0.0
13900 0.0
14000 0.0
14100 0.0
14200 0.0
14300 0.0
14400 0.0
14500 0.0
