
# Total neutron yield = 0.0  n/decay
	 na23 0.0
# Integral of spectrum = 6.552250373969737e-07  n/decay
100 0.0
200 0.0
300 0.0
400 0.0
500 0.0
600 0.0
700 0.0
800 0.0
900 0.0
1000 0.0
1100 0.0
1200 0.0
1300 0.0
1400 0.0
1500 0.0
1600 0.0
1700 0.0
1800 0.0
1900 0.0
2000 0.0
2100 0.0
2200 0.0
2300 0.0
2400 0.0
2500 0.0
2600 0.0
2700 0.0
2800 0.0
2900 0.0
3000 0.0
3100 0.0
3200 0.0
3300 0.0
3400 0.0
3500 0.0
3600 0.0
3700 0.0
3800 0.0
3900 0.0
4000 0.0
4100 0.0
4200 0.0
4300 0.0
4400 0.0
4500 0.0
4600 0.0
4700 0.0
4800 0.0
4900 0.0
5000 0.0
5100 0.0
5200 0.0
5300 0.0
5400 0.0
5500 1.136404052617142e-12
5600 1.3407007632613631e-11
5700 3.9853558037690015e-11
5800 7.629935335862165e-11
5900 1.2579075233719651e-10
6000 1.744918073583375e-10
6100 2.2951923300552447e-10
6200 2.8253284027081484e-10
6300 3.3974046850340526e-10
6400 3.415930038074747e-10
6500 3.3125559826439294e-10
6600 3.2230277793870706e-10
6700 3.1457698022506995e-10
6800 3.079492136855983e-10
6900 3.023125395052178e-10
7000 2.975771758613019e-10
7100 2.9366719827894363e-10
7200 2.9051709088786244e-10
7300 2.8807082364118294e-10
7400 2.861929453406707e-10
7500 2.808021664729112e-10
7600 2.701539243265176e-10
7700 2.559095825861492e-10
7800 2.351886128193337e-10
7900 2.1172806572154465e-10
8000 1.8277223143940158e-10
8100 1.551433497492204e-10
8200 1.2609789917637475e-10
8300 9.227947214147162e-11
8400 5.99298343864986e-11
8500 2.3458463157069488e-11
8600 0.0
8700 0.0
8800 0.0
8900 0.0
9000 0.0
9100 0.0
9200 0.0
9300 0.0
9400 0.0
9500 0.0
9600 0.0
9700 0.0
9800 0.0
9900 0.0
10000 0.0
10100 0.0
10200 0.0
10300 0.0
10400 0.0
10500 0.0
10600 0.0
10700 0.0
10800 0.0
10900 0.0
11000 0.0
11100 0.0
11200 0.0
11300 0.0
11400 0.0
11500 0.0
11600 0.0
11700 0.0
11800 0.0
11900 0.0
12000 0.0
12100 0.0
12200 0.0
12300 0.0
12400 0.0
12500 0.0
12600 0.0
12700 0.0
12800 0.0
12900 0.0
13000 0.0
13100 0.0
13200 0.0
13300 0.0
13400 0.0
13500 0.0
13600 0.0
13700 0.0
13800 0.0
13900 0.0
14000 0.0
14100 0.0
14200 0.0
14300 0.0
14400 0.0
14500 0.0
14600 0.0
14700 0.0
14800 0.0
14900 0.0
15000 0.0
