
# Total neutron yield = 0.0  n/decay
	 na23 0.0
# Integral of spectrum = 8.79536639239033e-07  n/decay
100 0.0
200 0.0
300 0.0
400 0.0
500 0.0
600 0.0
700 0.0
800 0.0
900 0.0
1000 0.0
1100 0.0
1200 0.0
1300 0.0
1400 0.0
1500 0.0
1600 0.0
1700 0.0
1800 0.0
1900 0.0
2000 0.0
2100 0.0
2200 0.0
2300 0.0
2400 0.0
2500 0.0
2600 0.0
2700 0.0
2800 0.0
2900 0.0
3000 0.0
3100 0.0
3200 0.0
3300 0.0
3400 0.0
3500 0.0
3600 0.0
3700 0.0
3800 0.0
3900 0.0
4000 0.0
4100 0.0
4200 0.0
4300 0.0
4400 0.0
4500 0.0
4600 0.0
4700 0.0
4800 0.0
4900 0.0
5000 0.0
5100 0.0
5200 0.0
5300 0.0
5400 0.0
5500 1.065797272587283e-13
5600 1.1952510858110223e-11
5700 3.965567747846236e-11
5800 7.948815435525833e-11
5900 1.242989026628806e-10
6000 1.8079360593532572e-10
6100 2.3673576410228953e-10
6200 2.974453891526945e-10
6300 3.5372108389477293e-10
6400 4.1492748968230595e-10
6500 4.595965296441059e-10
6600 4.455470624606379e-10
6700 4.334589996106757e-10
6800 4.230821546555058e-10
6900 4.142175521764349e-10
7000 4.0670529766719277e-10
7100 4.004150199642793e-10
7200 3.9523870601558516e-10
7300 3.910859721596279e-10
7400 3.874634258292759e-10
7500 3.795467002108401e-10
7600 3.657810990381728e-10
7700 3.4551139445383786e-10
7800 3.240513430047289e-10
7900 2.970316894905859e-10
8000 2.69325597251864e-10
8100 2.351982706189229e-10
8200 2.0282030227324134e-10
8300 1.698058628444215e-10
8400 1.3246629911233725e-10
8500 9.769596957008991e-11
8600 5.822795006622069e-11
8700 2.196803642238782e-11
8800 0.0
8900 0.0
9000 0.0
9100 0.0
9200 0.0
9300 0.0
9400 0.0
9500 0.0
9600 0.0
9700 0.0
9800 0.0
9900 0.0
10000 0.0
10100 0.0
10200 0.0
10300 0.0
10400 0.0
10500 0.0
10600 0.0
10700 0.0
10800 0.0
10900 0.0
11000 0.0
11100 0.0
11200 0.0
11300 0.0
11400 0.0
11500 0.0
11600 0.0
11700 0.0
11800 0.0
11900 0.0
12000 0.0
12100 0.0
12200 0.0
12300 0.0
12400 0.0
12500 0.0
12600 0.0
12700 0.0
12800 0.0
12900 0.0
13000 0.0
13100 0.0
13200 0.0
13300 0.0
13400 0.0
13500 0.0
13600 0.0
13700 0.0
13800 0.0
13900 0.0
14000 0.0
14100 0.0
14200 0.0
14300 0.0
14400 0.0
14500 0.0
14600 0.0
14700 0.0
14800 0.0
14900 0.0
15000 0.0
