
# Total neutron yield = 0.0  n/decay
	 na23 0.0
# Integral of spectrum = 1.956453893537642e-07  n/decay
100 0.0
200 0.0
300 0.0
400 0.0
500 0.0
600 0.0
700 0.0
800 0.0
900 0.0
1000 0.0
1100 0.0
1200 0.0
1300 0.0
1400 0.0
1500 0.0
1600 0.0
1700 0.0
1800 0.0
1900 0.0
2000 0.0
2100 0.0
2200 0.0
2300 0.0
2400 0.0
2500 0.0
2600 0.0
2700 0.0
2800 0.0
2900 0.0
3000 0.0
3100 0.0
3200 0.0
3300 0.0
3400 0.0
3500 0.0
3600 0.0
3700 0.0
3800 0.0
3900 0.0
4000 0.0
4100 0.0
4200 0.0
4300 0.0
4400 0.0
4500 0.0
4600 0.0
4700 0.0
4800 0.0
4900 0.0
5000 0.0
5100 0.0
5200 0.0
5300 0.0
5400 0.0
5500 1.8996059741434298e-12
5600 1.2865608694361357e-11
5700 2.9282452653311825e-11
5800 5.331029777939061e-11
5900 8.076773087959422e-11
6000 1.0918275410035113e-10
6100 1.0521501336260699e-10
6200 1.0172073101474655e-10
6300 9.865634858348077e-11
6400 9.598327883546461e-11
6500 9.366714645447455e-11
6600 9.167723637343385e-11
6700 8.998612546876163e-11
6800 8.856929956337618e-11
6900 8.740478926508021e-11
7000 8.647275227114215e-11
7100 8.57554810127528e-11
7200 8.523696549820727e-11
7300 8.490279507114139e-11
7400 8.473990800344788e-11
7500 8.333707140728418e-11
7600 7.800955454012231e-11
7700 7.074075332527446e-11
7800 6.112583098509594e-11
7900 4.774252883238178e-11
8000 3.302789099273489e-11
8100 1.5173942595478888e-11
8200 0.0
8300 0.0
8400 0.0
8500 0.0
8600 0.0
8700 0.0
8800 0.0
8900 0.0
9000 0.0
9100 0.0
9200 0.0
9300 0.0
9400 0.0
9500 0.0
9600 0.0
9700 0.0
9800 0.0
9900 0.0
10000 0.0
10100 0.0
10200 0.0
10300 0.0
10400 0.0
10500 0.0
10600 0.0
10700 0.0
10800 0.0
10900 0.0
11000 0.0
11100 0.0
11200 0.0
11300 0.0
11400 0.0
11500 0.0
11600 0.0
11700 0.0
11800 0.0
11900 0.0
12000 0.0
12100 0.0
12200 0.0
12300 0.0
12400 0.0
12500 0.0
12600 0.0
12700 0.0
12800 0.0
12900 0.0
13000 0.0
13100 0.0
13200 0.0
13300 0.0
13400 0.0
13500 0.0
13600 0.0
13700 0.0
13800 0.0
13900 0.0
14000 0.0
14100 0.0
14200 0.0
14300 0.0
14400 0.0
14500 0.0
14600 0.0
14700 0.0
14800 0.0
14900 0.0
15000 0.0
