
# Total neutron yield = 0.0  n/decay
	 na23 0.0
# Integral of spectrum = 3.6040064801657537e-07  n/decay
100 0.0
200 0.0
300 0.0
400 0.0
500 0.0
600 0.0
700 0.0
800 0.0
900 0.0
1000 0.0
1100 0.0
1200 0.0
1300 0.0
1400 0.0
1500 0.0
1600 0.0
1700 0.0
1800 0.0
1900 0.0
2000 0.0
2100 0.0
2200 0.0
2300 0.0
2400 0.0
2500 0.0
2600 0.0
2700 0.0
2800 0.0
2900 0.0
3000 0.0
3100 0.0
3200 0.0
3300 0.0
3400 0.0
3500 0.0
3600 0.0
3700 0.0
3800 0.0
3900 0.0
4000 0.0
4100 0.0
4200 0.0
4300 0.0
4400 0.0
4500 0.0
4600 0.0
4700 0.0
4800 0.0
4900 0.0
5000 0.0
5100 0.0
5200 0.0
5300 0.0
5400 0.0
5500 8.63728779432618e-13
5600 9.69169791742393e-12
5700 2.9651752843768905e-11
5800 5.616493580661247e-11
5900 8.753893708197125e-11
6000 1.1884017145723711e-10
6100 1.5499165497094653e-10
6200 1.883284202597023e-10
6300 1.899933689548726e-10
6400 1.8395810267292785e-10
6500 1.7869880922986586e-10
6600 1.7414360622584996e-10
6700 1.7022903372156376e-10
6800 1.6689899732315485e-10
6900 1.6410389808300754e-10
7000 1.6179970130636599e-10
7100 1.5994753976341133e-10
7200 1.5851268006824532e-10
7300 1.5746430475845684e-10
7400 1.5677495959569168e-10
7500 1.542389509377742e-10
7600 1.4834962172901781e-10
7700 1.3782002794332713e-10
7800 1.245781053969793e-10
7900 1.0790991635620409e-10
8000 9.160421860523632e-11
8100 7.408913758373164e-11
8200 5.328442861140942e-11
8300 3.311385312311115e-11
8400 1.0421919058453518e-11
8500 0.0
8600 0.0
8700 0.0
8800 0.0
8900 0.0
9000 0.0
9100 0.0
9200 0.0
9300 0.0
9400 0.0
9500 0.0
9600 0.0
9700 0.0
9800 0.0
9900 0.0
10000 0.0
10100 0.0
10200 0.0
10300 0.0
10400 0.0
10500 0.0
10600 0.0
10700 0.0
10800 0.0
10900 0.0
11000 0.0
11100 0.0
11200 0.0
11300 0.0
11400 0.0
11500 0.0
11600 0.0
11700 0.0
11800 0.0
11900 0.0
12000 0.0
12100 0.0
12200 0.0
12300 0.0
12400 0.0
12500 0.0
12600 0.0
12700 0.0
12800 0.0
12900 0.0
13000 0.0
13100 0.0
13200 0.0
13300 0.0
13400 0.0
13500 0.0
13600 0.0
13700 0.0
13800 0.0
13900 0.0
14000 0.0
14100 0.0
14200 0.0
14300 0.0
14400 0.0
14500 0.0
14600 0.0
14700 0.0
14800 0.0
14900 0.0
15000 0.0
