
# Total neutron yield = 0.0  n/decay
	 be9 0.0
# Integral of spectrum = 1.839465012980624e-05  n/decay
100 0.0
200 0.0
300 0.0
400 0.0
500 0.0
600 0.0
700 0.0
800 0.0
900 0.0
1000 0.0
1100 0.0
1200 0.0
1300 0.0
1400 0.0
1500 0.0
1600 0.0
1700 0.0
1800 0.0
1900 0.0
2000 0.0
2100 0.0
2200 0.0
2300 0.0
2400 0.0
2500 0.0
2600 0.0
2700 0.0
2800 0.0
2900 0.0
3000 0.0
3100 0.0
3200 0.0
3300 0.0
3400 0.0
3500 0.0
3600 0.0
3700 0.0
3800 0.0
3900 0.0
4000 0.0
4100 0.0
4200 0.0
4300 0.0
4400 0.0
4500 0.0
4600 0.0
4700 0.0
4800 0.0
4900 0.0
5000 0.0
5100 1.2430687022771789e-12
5200 7.488488558452861e-12
5300 5.653619864685015e-11
5400 2.8315825103799896e-10
5500 7.41682421713276e-10
5600 1.4266769005542097e-09
5700 2.126867165904103e-09
5800 2.4175317260424764e-09
5900 2.547244108156078e-09
6000 2.668414257877429e-09
6100 3.102776497294417e-09
6200 4.341975898041157e-09
6300 5.817946523178313e-09
6400 6.7847434981649595e-09
6500 7.156304397553793e-09
6600 7.051518033096452e-09
6700 6.623630973593013e-09
6800 6.010105645082982e-09
6900 5.708457733420839e-09
7000 5.596354089030971e-09
7100 5.58662830947096e-09
7200 5.6108003704693906e-09
7300 5.6275987883589734e-09
7400 5.622683863791626e-09
7500 5.578579395011082e-09
7600 5.481948767618276e-09
7700 5.346795790918846e-09
7800 5.1594047364719856e-09
7900 4.905405757127843e-09
8000 4.59128429604096e-09
8100 4.223230664156867e-09
8200 3.842348167024003e-09
8300 3.46271605568158e-09
8400 3.1609073731426536e-09
8500 2.914718051691163e-09
8600 2.7052070733865134e-09
8700 2.5432275751862056e-09
8800 2.4285375286989106e-09
8900 2.364301417274803e-09
9000 2.360183187693674e-09
9100 2.3924820050826074e-09
9200 2.457237129216563e-09
9300 2.524780813026293e-09
9400 2.6004946723239092e-09
9500 2.6020111094494898e-09
9600 2.540832873977334e-09
9700 2.4062153486683076e-09
9800 2.273974903560186e-09
9900 2.049125603476565e-09
10000 1.8165738724140598e-09
10100 1.5967161933268944e-09
10200 1.3387298943294481e-09
10300 1.1088022800635334e-09
10400 8.576420716918953e-10
10500 6.1823725578042e-10
10600 4.276535091392994e-10
10700 2.541267954209087e-10
10800 9.370192224834026e-11
10900 0.0
11000 0.0
11100 0.0
11200 0.0
11300 0.0
11400 0.0
11500 0.0
11600 0.0
11700 0.0
11800 0.0
11900 0.0
12000 0.0
12100 0.0
12200 0.0
12300 0.0
12400 0.0
12500 0.0
12600 0.0
12700 0.0
12800 0.0
12900 0.0
13000 0.0
13100 0.0
13200 0.0
13300 0.0
13400 0.0
13500 0.0
13600 0.0
13700 0.0
13800 0.0
13900 0.0
14000 0.0
14100 0.0
14200 0.0
14300 0.0
14400 0.0
14500 0.0
14600 0.0
14700 0.0
14800 0.0
14900 0.0
15000 0.0
