
# Total neutron yield = 0.0  n/decay
	 na23 0.0
# Integral of spectrum = 6.608398900892332e-07  n/decay
100 0.0
200 0.0
300 0.0
400 0.0
500 0.0
600 0.0
700 0.0
800 0.0
900 0.0
1000 0.0
1100 0.0
1200 0.0
1300 0.0
1400 0.0
1500 0.0
1600 0.0
1700 0.0
1800 0.0
1900 0.0
2000 0.0
2100 0.0
2200 0.0
2300 0.0
2400 0.0
2500 0.0
2600 0.0
2700 0.0
2800 0.0
2900 0.0
3000 0.0
3100 0.0
3200 0.0
3300 0.0
3400 0.0
3500 0.0
3600 0.0
3700 0.0
3800 0.0
3900 0.0
4000 0.0
4100 0.0
4200 0.0
4300 0.0
4400 0.0
4500 0.0
4600 0.0
4700 0.0
4800 0.0
4900 0.0
5000 0.0
5100 0.0
5200 0.0
5300 0.0
5400 0.0
5500 0.0
5600 0.0
5700 0.0
5800 1.934369062381732e-12
5900 7.721441449108279e-12
6000 1.658460398376906e-11
6100 2.980438914330784e-11
6200 4.769041555624846e-11
6300 6.889635125652247e-11
6400 9.62068582946082e-11
6500 1.3015660832276825e-10
6600 1.699324532502839e-10
6700 2.209497812082139e-10
6800 2.8104403453773454e-10
6900 3.4660474314338274e-10
7000 3.9395281014020507e-10
7100 3.940261800579013e-10
7200 3.916819346790857e-10
7300 3.862120216012186e-10
7400 3.783458769405319e-10
7500 3.6817266410958827e-10
7600 3.5525516641224855e-10
7700 3.408764727393621e-10
7800 3.244377669716496e-10
7900 3.0495216098399216e-10
8000 2.8471979347511047e-10
8100 2.629162107818752e-10
8200 2.3730227062169176e-10
8300 2.1058467377535774e-10
8400 1.8148288417238065e-10
8500 1.474936909148525e-10
8600 1.1393599270330199e-10
8700 7.817744803485803e-11
8800 3.6346832568789057e-11
8900 0.0
9000 0.0
9100 0.0
9200 0.0
9300 0.0
9400 0.0
9500 0.0
9600 0.0
9700 0.0
9800 0.0
9900 0.0
10000 0.0
10100 0.0
10200 0.0
10300 0.0
10400 0.0
10500 0.0
10600 0.0
10700 0.0
10800 0.0
10900 0.0
11000 0.0
11100 0.0
11200 0.0
11300 0.0
11400 0.0
11500 0.0
11600 0.0
11700 0.0
11800 0.0
11900 0.0
12000 0.0
12100 0.0
12200 0.0
12300 0.0
12400 0.0
12500 0.0
12600 0.0
12700 0.0
12800 0.0
12900 0.0
13000 0.0
13100 0.0
13200 0.0
13300 0.0
13400 0.0
13500 0.0
13600 0.0
13700 0.0
13800 0.0
13900 0.0
14000 0.0
14100 0.0
14200 0.0
14300 0.0
14400 0.0
14500 0.0
14600 0.0
14700 0.0
14800 0.0
14900 0.0
15000 0.0
