
# Total neutron yield = 0.0  n/decay
	 na23 0.0
# Integral of spectrum = 2.3721122620659114e-07  n/decay
100 0.0
200 0.0
300 0.0
400 0.0
500 0.0
600 0.0
700 0.0
800 0.0
900 0.0
1000 0.0
1100 0.0
1200 0.0
1300 0.0
1400 0.0
1500 0.0
1600 0.0
1700 0.0
1800 0.0
1900 0.0
2000 0.0
2100 0.0
2200 0.0
2300 0.0
2400 0.0
2500 0.0
2600 0.0
2700 0.0
2800 0.0
2900 0.0
3000 0.0
3100 0.0
3200 0.0
3300 0.0
3400 0.0
3500 0.0
3600 0.0
3700 0.0
3800 0.0
3900 0.0
4000 0.0
4100 0.0
4200 0.0
4300 0.0
4400 0.0
4500 0.0
4600 0.0
4700 0.0
4800 0.0
4900 0.0
5000 0.0
5100 0.0
5200 0.0
5300 0.0
5400 0.0
5500 0.0
5600 0.0
5700 2.609523262441071e-14
5800 1.2388643745849665e-12
5900 4.766849130951018e-12
6000 1.124747381488751e-11
6100 2.040046367014603e-11
6200 3.354014428882741e-11
6300 4.9762735897949055e-11
6400 6.74192403369772e-11
6500 8.82970107079554e-11
6600 1.0987036755817154e-10
6700 1.3375850695354286e-10
6800 1.481576368948078e-10
6900 1.492906645809884e-10
7000 1.4867424575708474e-10
7100 1.467457295338371e-10
7200 1.4368738889011493e-10
7300 1.3913741025603682e-10
7400 1.334161009675876e-10
7500 1.2656498094710888e-10
7600 1.1833714652235116e-10
7700 1.0950851310616115e-10
7800 9.990006223800668e-11
7900 8.894554077613875e-11
8000 7.815538966230784e-11
8100 6.706325583171297e-11
8200 5.4836887685984444e-11
8300 4.311144252576407e-11
8400 3.1186717951273624e-11
8500 1.8333972495659003e-11
8600 6.731423476368596e-12
8700 0.0
8800 0.0
8900 0.0
9000 0.0
9100 0.0
9200 0.0
9300 0.0
9400 0.0
9500 0.0
9600 0.0
9700 0.0
9800 0.0
9900 0.0
10000 0.0
10100 0.0
10200 0.0
10300 0.0
10400 0.0
10500 0.0
10600 0.0
10700 0.0
10800 0.0
10900 0.0
11000 0.0
11100 0.0
11200 0.0
11300 0.0
11400 0.0
11500 0.0
11600 0.0
11700 0.0
11800 0.0
11900 0.0
12000 0.0
12100 0.0
12200 0.0
12300 0.0
12400 0.0
12500 0.0
12600 0.0
12700 0.0
12800 0.0
12900 0.0
13000 0.0
13100 0.0
13200 0.0
13300 0.0
13400 0.0
13500 0.0
13600 0.0
13700 0.0
13800 0.0
13900 0.0
14000 0.0
14100 0.0
14200 0.0
14300 0.0
14400 0.0
14500 0.0
14600 0.0
14700 0.0
14800 0.0
14900 0.0
15000 0.0
