
# Total neutron yield = 0.0  n/decay
	 b10 0.0
	 b11 0.0
# Integral of spectrum = 0.00012198819666320082  n/decay
100 0.0
200 0.0
300 0.0
400 0.0
500 0.0
600 0.0
700 7.353180597122508e-13
800 5.911550102091298e-12
900 7.352476928672908e-10
1000 6.807129924132495e-10
1100 1.2923059671758977e-09
1200 4.526458852040247e-09
1300 4.523724540803965e-09
1400 7.368076203365808e-09
1500 8.3411175588844e-09
1600 9.95709731339699e-09
1700 1.1554985387492842e-08
1800 1.4243284060919123e-08
1900 1.8850849384770784e-08
2000 2.4297954384248167e-08
2100 2.8504854592136437e-08
2200 3.288031703454508e-08
2300 3.61961139960443e-08
2400 3.912942070043191e-08
2500 4.32122301927932e-08
2600 4.611874959229498e-08
2700 4.8769604439451485e-08
2800 5.0366722403730156e-08
2900 5.164410200875563e-08
3000 5.0296693311948704e-08
3100 4.988765159420716e-08
3200 4.8267863802058494e-08
3300 4.626951358018462e-08
3400 4.3996678864550307e-08
3500 4.1759687747138435e-08
3600 3.910120634622819e-08
3700 3.693483147409356e-08
3800 3.464410440257382e-08
3900 3.254249431782559e-08
4000 3.080838926636959e-08
4100 2.856813670019232e-08
4200 2.605367391721315e-08
4300 2.4566024132442946e-08
4400 2.323255805279466e-08
4500 2.1792597374321454e-08
4600 2.007413809973814e-08
4700 1.8286051030029633e-08
4800 1.6054640838717997e-08
4900 1.432790448357384e-08
5000 1.2517914332054644e-08
5100 1.1030950201643875e-08
5200 9.435584493788743e-09
5300 8.093317460133314e-09
5400 6.435074024161759e-09
5500 5.385017807367932e-09
5600 4.730316887435991e-09
5700 4.211327245815797e-09
5800 3.552274903854694e-09
5900 2.7392026058853225e-09
6000 2.152784900047797e-09
6100 1.9117881362834834e-09
6200 1.737727386907185e-09
6300 1.6038551034729416e-09
6400 1.4564286137880466e-09
6500 1.3625710324391377e-09
6600 1.272331850339635e-09
6700 1.2039352237442912e-09
6800 1.1352564433463519e-09
6900 1.0468485853909685e-09
7000 9.657449254512904e-10
7100 8.830204815937776e-10
7200 7.891792144749164e-10
7300 6.640597535850709e-10
7400 5.554176651308204e-10
7500 4.814176981856355e-10
7600 4.2174902417750037e-10
7700 3.500904435488383e-10
7800 2.8230516104384344e-10
7900 2.2777464729153857e-10
8000 1.8146634071397017e-10
8100 1.3625519935129978e-10
8200 8.601190051743638e-11
8300 3.6663881490091127e-11
8400 3.216438807111929e-11
8500 2.772467530941157e-11
8600 2.3673005455596483e-11
8700 1.9426328009439043e-11
8800 1.530237766278e-11
8900 1.1314875196498565e-11
9000 7.47801597038731e-12
9100 3.803888948622756e-12
9200 0.0
9300 0.0
9400 0.0
9500 0.0
9600 0.0
9700 0.0
9800 0.0
9900 0.0
10000 0.0
10100 0.0
10200 0.0
10300 0.0
10400 0.0
10500 0.0
10600 0.0
10700 0.0
10800 0.0
10900 0.0
11000 0.0
11100 0.0
11200 0.0
11300 0.0
11400 0.0
11500 0.0
11600 0.0
11700 0.0
11800 0.0
11900 0.0
12000 0.0
12100 0.0
12200 0.0
12300 0.0
12400 0.0
12500 0.0
12600 0.0
12700 0.0
12800 0.0
12900 0.0
13000 0.0
13100 0.0
13200 0.0
13300 0.0
13400 0.0
13500 0.0
13600 0.0
13700 0.0
13800 0.0
13900 0.0
14000 0.0
14100 0.0
14200 0.0
14300 0.0
14400 0.0
14500 0.0
14600 0.0
14700 0.0
14800 0.0
14900 0.0
15000 0.0
