
# Total neutron yield = 0.0  n/decay
	 o16 0.0
	 o17 0.0
	 o18 0.0
# Integral of spectrum = 1.7483143730096344e-08  n/decay
100 0.0
200 0.0
300 0.0
400 0.0
500 0.0
600 0.0
700 0.0
800 0.0
900 0.0
1000 0.0
1100 0.0
1200 0.0
1300 0.0
1400 0.0
1500 0.0
1600 0.0
1700 0.0
1800 0.0
1900 0.0
2000 0.0
2100 0.0
2200 0.0
2300 0.0
2400 0.0
2500 0.0
2600 0.0
2700 0.0
2800 0.0
2900 0.0
3000 0.0
3100 0.0
3200 0.0
3300 0.0
3400 0.0
3500 0.0
3600 0.0
3700 0.0
3800 0.0
3900 0.0
4000 0.0
4100 0.0
4200 0.0
4300 0.0
4400 0.0
4500 0.0
4600 2.588930612768435e-16
4700 1.1089744511576592e-15
4800 2.649830677865879e-15
4900 4.817977438660806e-15
5000 7.46951382664127e-15
5100 1.0662728833978757e-14
5200 1.43425904965094e-14
5300 1.8491230746625518e-14
5400 2.754023517538942e-14
5500 2.164147340775734e-13
5600 4.684326898156817e-13
5700 6.467132813777999e-13
5800 9.26717636601885e-13
5900 1.2442353737649223e-12
6000 1.7206374474943946e-12
6100 2.0921636631885046e-12
6200 2.916256288545312e-12
6300 3.903833421531886e-12
6400 4.572078719951504e-12
6500 5.2736940118956325e-12
6600 6.374241511557904e-12
6700 7.26805114596851e-12
6800 8.268106284263162e-12
6900 8.557766220698344e-12
7000 8.637192238892102e-12
7100 8.649647853578321e-12
7200 8.489472024884961e-12
7300 8.090218570033156e-12
7400 7.794089340704114e-12
7500 7.573840565051512e-12
7600 7.226043782712455e-12
7700 6.895848542788947e-12
7800 6.6332742673267985e-12
7900 6.386057422269425e-12
8000 5.866668119430213e-12
8100 5.5149325877145145e-12
8200 5.061658646179251e-12
8300 4.484914413299039e-12
8400 4.297990366847678e-12
8500 3.904671004812862e-12
8600 3.4462628807007704e-12
8700 2.910483169483587e-12
8800 2.245072540288256e-12
8900 1.8619644195891188e-12
9000 1.2960657726137226e-12
9100 9.571323788187342e-13
9200 7.236658368204437e-13
9300 4.78501237094081e-13
9400 3.566315310682109e-13
9500 1.8194323632436802e-13
9600 6.590436121526055e-14
9700 4.041216407702294e-14
9800 3.613551347831025e-14
9900 3.202306365110063e-14
10000 2.899038696946919e-14
10100 2.6530291224465224e-14
10200 2.4001832797911128e-14
10300 2.0393728802293897e-14
10400 1.680841855751161e-14
10500 1.42045517048095e-14
10600 1.1693083770429452e-14
10700 7.93176508287547e-15
10800 4.434406144512617e-15
10900 1.0465787197447337e-15
11000 0.0
11100 0.0
11200 0.0
11300 0.0
11400 0.0
11500 0.0
11600 0.0
11700 0.0
11800 0.0
11900 0.0
12000 0.0
12100 0.0
12200 0.0
12300 0.0
12400 0.0
12500 0.0
12600 0.0
12700 0.0
12800 0.0
12900 0.0
13000 0.0
13100 0.0
13200 0.0
13300 0.0
13400 0.0
13500 0.0
13600 0.0
13700 0.0
13800 0.0
13900 0.0
14000 0.0
14100 0.0
14200 0.0
14300 0.0
14400 0.0
14500 0.0
14600 0.0
14700 0.0
14800 0.0
14900 0.0
15000 0.0
