
# Total neutron yield = 3.589195612278942e-07  n/decay
	 c12 0.0
	 c13 3.589195612278942e-07
# Integral of spectrum = 3.589186203435985e-07  n/decay
100 5.451828357838418e-15
200 7.025721682924223e-15
300 9.070840549597851e-15
400 1.173204034122228e-14
500 1.5199349958863543e-14
600 1.9722118469279012e-14
700 2.5627477646217246e-14
800 3.3344393071103445e-14
900 4.3435082908944926e-14
1000 5.663553124391687e-14
1100 7.390819028778086e-14
1200 9.650948124319339e-14
1300 1.2607630616124287e-13
1400 1.6473649888159737e-13
1500 2.152478273561411e-13
1600 2.81173707306867e-13
1700 3.6793703918356857e-13
1800 4.797067544474157e-13
1900 6.248560205461118e-13
2000 8.128956197371205e-13
2100 1.0558500172210742e-12
2200 1.36874888273376e-12
2300 1.7702899521990507e-12
2400 2.2835439880438806e-12
2500 2.9366953102668283e-12
2600 3.76384065180409e-12
2700 4.8057609639358095e-12
2800 6.1106085544528275e-12
2900 7.734474714597754e-12
3000 9.74163913154537e-12
3100 1.22045029657571e-11
3200 1.5202954279880353e-11
3300 1.8823064943247553e-11
3400 2.315506146824544e-11
3500 2.8290277525731597e-11
3600 3.4317297910038094e-11
3700 4.131689774903978e-11
3800 4.935602827919362e-11
3900 5.84809974524283e-11
4000 6.870937356084543e-11
4100 8.002117271297338e-11
4200 9.23488440699139e-11
4300 1.0556636547089713e-10
4400 1.194773988657448e-10
4500 1.3380391144154499e-10
4600 1.4817569556840828e-10
4700 1.6212383970907564e-10
4800 1.7508077282620421e-10
4900 1.8639047447443918e-10
5000 1.9533413478266944e-10
5100 2.0117407288651034e-10
5200 2.0322019127354996e-10
5300 2.0091733296870238e-10
5400 1.9394697611239208e-10
5500 1.8232555537382164e-10
5600 1.6647359366295863e-10
5700 1.4722914517373374e-10
5800 1.2578387586655381e-10
5900 1.0354170214715189e-10
6000 8.192311704642568e-11
6100 6.216168764847337e-11
6200 4.514185570038347e-11
6300 3.131733219507923e-11
6400 2.072247000514884e-11
6500 1.3059852776449388e-11
6600 7.829714283724648e-12
6700 4.460782079650632e-12
6800 2.4129653603445363e-12
6900 1.2383897023512326e-12
7000 6.026911835665678e-13
7100 2.7805445133641495e-13
7200 1.21613375607672e-13
7300 5.0460331891813713e-14
7400 1.990338221418697e-14
7500 7.500490948419905e-15
7600 2.7324448560414157e-15
7700 9.881588925257002e-16
7800 3.7426471651192616e-16
7900 1.6116155293761004e-16
8000 8.427344732960277e-17
8100 5.2863167641749714e-17
8200 3.717706621618497e-17
8300 2.7648843017443446e-17
8400 2.109293327477775e-17
8500 1.6300656738756252e-17
8600 1.270116618117274e-17
8700 9.960371861167851e-18
8800 7.855078237570316e-18
8900 6.226809410198072e-18
9000 4.959817930426393e-18
9100 3.968467143173232e-18
9200 3.1887764699770497e-18
9300 2.5725526387987826e-18
9400 2.083298069935648e-18
9500 1.693157430026496e-18
9600 1.3807770259625324e-18
9700 1.1296847567655548e-18
9800 9.271032806972996e-19
9900 7.630863999916602e-19
10000 6.298433271709585e-19
10100 5.21253244942003e-19
10200 4.3248414170645553e-19
10300 3.597032775304294e-19
10400 2.9986494322133025e-19
10500 2.505341240198108e-19
10600 2.0976122046949418e-19
10700 1.7597869082364613e-19
10800 1.4792121668345326e-19
10900 4.4672750872754726e-20
11000 3.520822540633019e-20
11100 6.283359509586865e-22
11200 4.2085532654310927e-22
11300 5.562593600731409e-25
11400 2.982313289545639e-25
11500 5.833071725656695e-29
11600 2.4007818934268664e-29
11700 1.263888521689701e-33
11800 3.874342585627614e-34
11900 6.223308232900882e-39
12000 1.3753905047498012e-39
12100 2.0485853219397991e-44
12200 3.25339509563001e-45
12300 5.055896797912858e-46
12400 7.688563934162421e-47
12500 1.1440567083881376e-47
12600 0.0
12700 0.0
12800 0.0
12900 0.0
13000 0.0
13100 0.0
13200 0.0
13300 0.0
13400 0.0
13500 0.0
13600 0.0
13700 0.0
13800 0.0
13900 0.0
14000 0.0
