
# Total neutron yield = 0.0  n/decay
	 b10 0.0
	 b11 0.0
# Integral of spectrum = 6.913463620959942e-08  n/decay
100 6.91399348952282e-13
200 8.117677608092052e-13
300 7.227202553894444e-13
400 1.5551391027763548e-12
500 2.729088072231419e-12
600 3.31605524861809e-12
700 5.35328079499884e-12
800 8.256769037981274e-12
900 1.3140003404494432e-11
1000 1.8394116259476634e-11
1100 2.2523652930665038e-11
1200 2.9070561037352394e-11
1300 3.707980096716245e-11
1400 4.817840239054989e-11
1500 4.8485281836423854e-11
1600 4.652299953499329e-11
1700 4.446876231489128e-11
1800 4.2208923676175174e-11
1900 3.9538971383478516e-11
2000 3.677939700087764e-11
2100 3.417418988326532e-11
2200 3.135357195410213e-11
2300 2.839094506182229e-11
2400 2.5561804254252577e-11
2500 2.2832586524750288e-11
2600 2.036788164899162e-11
2700 1.8146502468546093e-11
2800 1.593513810006194e-11
2900 1.3541607473656845e-11
3000 1.117740626917372e-11
3100 9.15570338011594e-12
3200 6.502905448550738e-12
3300 3.627894746154758e-12
3400 7.511325242523702e-13
3500 0.0
3600 0.0
3700 0.0
3800 0.0
3900 0.0
4000 0.0
4100 0.0
4200 0.0
4300 0.0
4400 0.0
4500 0.0
4600 0.0
4700 0.0
4800 0.0
4900 0.0
5000 0.0
5100 0.0
5200 0.0
5300 0.0
5400 0.0
5500 0.0
5600 0.0
5700 0.0
5800 0.0
5900 0.0
6000 0.0
6100 0.0
6200 0.0
6300 0.0
6400 0.0
6500 0.0
6600 0.0
6700 0.0
6800 0.0
6900 0.0
7000 0.0
7100 0.0
7200 0.0
7300 0.0
7400 0.0
7500 0.0
7600 0.0
7700 0.0
7800 0.0
7900 0.0
8000 0.0
8100 0.0
8200 0.0
8300 0.0
8400 0.0
8500 0.0
8600 0.0
8700 0.0
8800 0.0
8900 0.0
9000 0.0
9100 0.0
9200 0.0
9300 0.0
9400 0.0
9500 0.0
9600 0.0
9700 0.0
9800 0.0
9900 0.0
10000 0.0
10100 0.0
10200 0.0
10300 0.0
10400 0.0
10500 0.0
10600 0.0
10700 0.0
10800 0.0
10900 0.0
11000 0.0
11100 0.0
11200 0.0
11300 0.0
11400 0.0
11500 0.0
11600 0.0
11700 0.0
11800 0.0
11900 0.0
12000 0.0
12100 0.0
12200 0.0
12300 0.0
12400 0.0
12500 0.0
12600 0.0
12700 0.0
12800 0.0
12900 0.0
13000 0.0
13100 0.0
13200 0.0
13300 0.0
13400 0.0
13500 0.0
13600 0.0
13700 0.0
13800 0.0
13900 0.0
14000 0.0
14100 0.0
14200 0.0
14300 0.0
14400 0.0
14500 0.0
14600 0.0
14700 0.0
14800 0.0
14900 0.0
15000 0.0
