
# Total neutron yield = 0.0  n/decay
	 c12 0.0
	 c13 0.0
# Integral of spectrum = 4.410532932004966e-07  n/decay
100 2.45797455301152e-10
200 3.0823438312666165e-10
300 4.494110881821769e-10
400 4.394426428356276e-10
500 4.2749956584795985e-10
600 3.9002315404332396e-10
700 3.4724464884977405e-10
800 3.122773949517109e-10
900 2.8587618648478053e-10
1000 2.484198666989039e-10
1100 2.067785411563621e-10
1200 1.5471135254376923e-10
1300 1.276101895626697e-10
1400 1.0428550769210931e-10
1500 8.502662699174648e-11
1600 6.734012174582905e-11
1700 5.266512562905826e-11
1800 4.08709438276343e-11
1900 3.3253687801884386e-11
2000 2.5717925549083005e-11
2100 2.1188506353359793e-11
2200 1.643084871621939e-11
2300 1.168103631778821e-11
2400 6.59762628991831e-12
2500 2.1471753252816868e-12
2600 1.1970317115669386e-15
2700 4.689433023555366e-17
2800 3.586916984431089e-17
2900 2.6313846102968798e-17
3000 1.6413112970857437e-17
3100 7.658011197631894e-18
3200 0.0
3300 0.0
3400 0.0
3500 0.0
3600 0.0
3700 0.0
3800 0.0
3900 0.0
4000 0.0
4100 0.0
4200 0.0
4300 0.0
4400 0.0
4500 0.0
4600 0.0
4700 0.0
4800 0.0
4900 0.0
5000 0.0
5100 0.0
5200 0.0
5300 0.0
5400 0.0
5500 0.0
5600 0.0
5700 0.0
5800 0.0
5900 0.0
6000 0.0
6100 0.0
6200 0.0
6300 0.0
6400 0.0
6500 0.0
6600 0.0
6700 0.0
6800 0.0
6900 0.0
7000 0.0
7100 0.0
7200 0.0
7300 0.0
7400 0.0
7500 0.0
7600 0.0
7700 0.0
7800 0.0
7900 0.0
8000 0.0
8100 0.0
8200 0.0
8300 0.0
8400 0.0
8500 0.0
8600 0.0
8700 0.0
8800 0.0
8900 0.0
9000 0.0
9100 0.0
9200 0.0
9300 0.0
9400 0.0
9500 0.0
9600 0.0
9700 0.0
9800 0.0
9900 0.0
10000 0.0
10100 0.0
10200 0.0
10300 0.0
10400 0.0
10500 0.0
10600 0.0
10700 0.0
10800 0.0
10900 0.0
11000 0.0
11100 0.0
11200 0.0
11300 0.0
11400 0.0
11500 0.0
11600 0.0
11700 0.0
11800 0.0
11900 0.0
12000 0.0
12100 0.0
12200 0.0
12300 0.0
12400 0.0
12500 0.0
12600 0.0
12700 0.0
12800 0.0
12900 0.0
13000 0.0
13100 0.0
13200 0.0
13300 0.0
13400 0.0
13500 0.0
13600 0.0
13700 0.0
13800 0.0
13900 0.0
14000 0.0
14100 0.0
14200 0.0
14300 0.0
14400 0.0
14500 0.0
14600 0.0
14700 0.0
14800 0.0
14900 0.0
15000 0.0
