
# Total neutron yield = 2.3060894238288993e-06  n/decay
	 c12 0.0
	 c13 2.3060894238288993e-06
# Integral of spectrum = 2.3712453242311997e-06  n/decay
100 8.041251846711275e-10
200 5.575806961033409e-10
300 4.973221852201167e-10
400 4.9232430100264e-10
500 4.829157641302194e-10
600 4.864700336002093e-10
700 4.990192152433549e-10
800 4.877920176681247e-10
900 5.063185300424709e-10
1000 4.5679954136133387e-10
1100 4.6020295200560686e-10
1200 3.432818258355779e-10
1300 2.671340211328439e-10
1400 2.024606292287913e-10
1500 2.057844611364843e-10
1600 2.1202378264652228e-10
1700 1.8386907339791622e-10
1800 2.1321831553714338e-11
1900 1.6698157853746766e-12
2000 1.9043653387529606e-12
2100 2.47218242219084e-12
2200 3.20340964031376e-12
2300 4.1415226872938715e-12
2400 5.3410852039365476e-12
2500 6.867714577687605e-12
2600 8.801056049949515e-12
2700 1.1236429890203957e-11
2800 1.428639563735709e-11
2900 1.8082063482048267e-11
3000 2.2773691655040932e-11
3100 2.8530518134503567e-11
3200 3.553929780194776e-11
3300 4.400125563713914e-11
3400 5.4127413660955435e-11
3500 6.613154858324444e-11
3600 8.02214930121143e-11
3700 9.658785485162684e-11
3800 1.1539123171402032e-10
3900 1.3674858558681826e-10
4000 1.6071871863050985e-10
4100 1.8728879713252744e-10
4200 2.1636177340033598e-10
4300 2.4774687017633646e-10
4400 2.8115223344908364e-10
4500 3.16182358935521e-10
4600 3.523385347548962e-10
4700 3.8902507957835146e-10
4800 4.2556193966562256e-10
4900 4.6120413337007497e-10
5000 4.951716292655337e-10
5100 5.266848365624375e-10
5200 5.550055990225264e-10
5300 5.794772154343853e-10
5400 5.995580723787316e-10
5500 6.14845215346012e-10
5600 6.250803828635918e-10
5700 6.301448656576729e-10
5800 6.300405291802276e-10
5900 6.248615212849613e-10
6000 6.147651765067792e-10
6100 5.999529339472581e-10
6200 5.806711295641435e-10
6300 5.572361419291876e-10
6400 5.300702856287157e-10
6500 4.997243836971246e-10
6600 4.668569655625731e-10
6700 4.3216537861980253e-10
6800 3.962895746171885e-10
6900 3.597420880962892e-10
7000 3.229057453877643e-10
7100 2.861092466780552e-10
7200 2.497355872201384e-10
7300 2.1429107658019e-10
7400 1.8038879622441034e-10
7500 1.4865512174163352e-10
7600 1.196224508324375e-10
7700 9.367243025326896e-11
7800 7.104643560031373e-11
7900 5.188487944858504e-11
8000 3.6239153332148964e-11
8100 2.4038798425143515e-11
8200 1.5043161116703923e-11
8300 8.82764012995142e-12
8400 4.832884306943102e-12
8500 2.458005379399924e-12
8600 1.1574265964679262e-12
8700 5.032271984816254e-13
8800 2.0158511556671084e-13
8900 7.427792755300657e-14
9000 2.514296019880772e-14
9100 7.812579068421825e-15
9200 2.228674660875065e-15
9300 5.852309593436658e-16
9400 1.4316094156616702e-16
9500 3.417389564999885e-17
9600 9.26734638525051e-18
9700 3.7447725308387435e-18
9800 2.3516599411766844e-18
9900 1.811915835850277e-18
10000 1.4761968406848866e-18
10100 1.2189311072081025e-18
10200 1.0109892071877729e-18
10300 8.408116769556976e-19
10400 7.009340805454339e-19
10500 5.856228709394365e-19
10600 4.903162724040039e-19
10700 4.113496994255739e-19
10800 3.457654315484873e-19
10900 1.0442243059844044e-19
11000 8.229912871073938e-20
11100 1.4687335332822636e-21
11200 9.83748152257538e-22
11300 1.3002547030751516e-24
11400 6.971148998263104e-25
11500 1.3634788895005324e-28
11600 5.611820981461989e-29
11700 2.9543359130822983e-33
11800 9.056264995855809e-34
11900 1.4546980567570437e-38
12000 3.214971849763701e-39
12100 4.78945157401803e-44
12200 7.604992665847588e-45
12300 1.1818182115883328e-45
12400 1.797200347990705e-46
12500 2.6742294756291107e-47
12600 1.3748133851032592e-56
12700 1.9195396884451135e-58
12800 2.4240412935793221e-60
12900 2.7777951313361475e-62
13000 0.0
13100 0.0
13200 0.0
13300 0.0
13400 0.0
13500 0.0
13600 0.0
13700 0.0
13800 0.0
13900 0.0
14000 0.0
14100 0.0
14200 0.0
14300 0.0
14400 0.0
14500 0.0
14600 0.0
14700 0.0
14800 0.0
14900 0.0
15000 0.0
15100 0.0
15200 0.0
15300 0.0
15400 0.0
15500 0.0
15600 0.0
15700 0.0
15800 0.0
15900 0.0
16000 0.0
16100 0.0
16200 0.0
16300 0.0
16400 0.0
16500 0.0
