
# Total neutron yield = 1.3935663655274294e-06  n/decay
	 c12 0.0
	 c13 1.3935663655274294e-06
# Integral of spectrum = 1.4182860641368004e-06  n/decay
100 4.03995445163804e-10
200 2.939665188382707e-10
300 2.1239591396109027e-10
400 2.3505592941543914e-10
500 2.7318073774945597e-10
600 3.1066044991307467e-10
700 2.380453372442375e-10
800 2.3878135123158486e-10
900 2.560600805772736e-10
1000 2.412947732492644e-10
1100 2.484592332166976e-10
1200 2.001364417253962e-10
1300 1.8990908790514067e-10
1400 1.9787801486655715e-10
1500 2.049359372567127e-10
1600 2.11103358003267e-10
1700 2.1657587614741153e-10
1800 2.2141811206300797e-10
1900 2.2180436422006423e-10
2000 7.700286283958447e-11
2100 4.965537593636529e-12
2200 1.8327965341330765e-12
2300 2.3638108588988602e-12
2400 3.0484902391625823e-12
2500 3.919806206434787e-12
2600 5.023250074996141e-12
2700 6.41322595375909e-12
2800 8.153976930437829e-12
2900 1.0320333545501703e-11
3000 1.2998054845050496e-11
3100 1.62837325634587e-11
3200 2.0283956558152448e-11
3300 2.5113575757848986e-11
3400 3.0893034810701026e-11
3500 3.774435811000497e-11
3600 4.5786202448126876e-11
3700 5.5127453027072934e-11
3800 6.586002013467099e-11
3900 7.805124986341002e-11
4000 9.173603106699788e-11
4100 1.0690983758043702e-10
4200 1.2352280347923495e-10
4300 1.414762361901009e-10
4400 1.6062103617973015e-10
4500 1.8075913439744758e-10
4600 2.0164592751024944e-10
4700 2.229935508231153e-10
4800 2.4447310820731234e-10
4900 2.6571426954097204e-10
5000 2.863041916872894e-10
5100 3.0578580259195426e-10
5200 3.2366159555288123e-10
5300 3.3940721519361214e-10
5400 3.524981625026458e-10
5500 3.6244890485696357e-10
5600 3.6885418796365186e-10
5700 3.714254748613651e-10
5800 3.7001049829651526e-10
5900 3.6459263105321905e-10
6000 3.5527664486360633e-10
6100 3.422721989357535e-10
6200 3.258863473285215e-10
6300 3.065312082799155e-10
6400 2.847428810677923e-10
6500 2.612004132465737e-10
6600 2.3672758366688146e-10
6700 2.1226174380584745e-10
6800 1.8877849183600348e-10
6900 1.6717931395207757e-10
7000 1.4816324510189083e-10
7100 1.3212095827295366e-10
7200 1.1908189435092704e-10
7300 1.0872732258880624e-10
7400 1.0045846708736096e-10
7500 9.349570864650585e-11
7600 8.699072703951159e-11
7700 8.01492366217576e-11
7800 7.23665518949998e-11
7900 6.336165403172098e-11
8000 5.326543264693487e-11
8100 4.26080155287651e-11
8200 3.217853659776852e-11
8300 2.279236343125252e-11
8400 1.505827583973082e-11
8500 9.237771725718263e-12
8600 5.243015686620036e-12
8700 2.7449722274836407e-12
8800 1.322503498397029e-12
8900 5.852277297477471e-13
9000 2.374839261284142e-13
9100 8.826216360715436e-14
9200 3.0012641983136956e-14
9300 9.329850174673914e-15
9400 2.6504121096226788e-15
9500 6.883702109017597e-16
9600 1.6406269067812446e-16
9700 3.648605585162025e-17
9800 8.112613287477969e-18
9900 2.2497894246285894e-18
10000 1.0413176486604163e-18
10100 7.25297823576188e-19
10200 5.810294296077881e-19
10300 4.803840157383495e-19
10400 4.0011005582496654e-19
10500 3.3424685589193046e-19
10600 2.798459599434754e-19
10700 2.3477572006270167e-19
10800 1.9734380314056185e-19
10900 5.959855274934098e-20
11000 4.697179444412239e-20
11100 8.382719325233054e-22
11200 5.6146907877688e-22
11300 7.421135285420463e-25
11400 3.978746590505726e-25
11500 7.781984368463677e-29
11600 3.2029172945039637e-29
11700 1.686176284326249e-33
11800 5.168816944176262e-34
11900 8.306345893131245e-39
12000 1.8350203128746247e-39
12100 2.939938948111622e-44
12200 4.3825804089098685e-45
12300 6.752962067271492e-46
12400 1.0258740119681711e-46
12500 1.526322518245477e-47
12600 2.805187702287336e-54
12700 3.1730027048095045e-56
12800 0.0
12900 0.0
13000 0.0
13100 0.0
13200 0.0
13300 0.0
13400 0.0
13500 0.0
13600 0.0
13700 0.0
13800 0.0
13900 0.0
14000 0.0
14100 0.0
14200 0.0
14300 0.0
14400 0.0
14500 0.0
14600 0.0
14700 0.0
14800 0.0
14900 0.0
15000 0.0
15100 0.0
15200 0.0
15300 0.0
15400 0.0
15500 0.0
15600 0.0
15700 0.0
15800 0.0
15900 0.0
16000 0.0
16100 0.0
16200 0.0
16300 0.0
16400 0.0
16500 0.0
