
# Total neutron yield = 0.0  n/decay
	 c12 0.0
	 c13 0.0
# Integral of spectrum = 6.215871324434764e-07  n/decay
100 0.0
200 0.0
300 0.0
400 0.0
500 0.0
600 0.0
700 0.0
800 0.0
900 0.0
1000 0.0
1100 0.0
1200 0.0
1300 0.0
1400 0.0
1500 0.0
1600 0.0
1700 0.0
1800 0.0
1900 0.0
2000 0.0
2100 0.0
2200 0.0
2300 0.0
2400 1.3380307910620842e-14
2500 2.31712973121887e-13
2600 7.633028193024814e-13
2700 1.3577252447169778e-12
2800 2.6383205991269217e-12
2900 7.2250715394124506e-12
3000 2.6757222261315518e-11
3100 5.908073311370936e-11
3200 7.646622963175021e-11
3300 8.075526472368967e-11
3400 9.186089370182637e-11
3500 1.0048339265234597e-10
3600 1.352933491959828e-10
3700 1.5857551263033725e-10
3800 1.3894620425441064e-10
3900 1.2761619211252137e-10
4000 1.2196074643751453e-10
4100 1.2303575409622614e-10
4200 1.3808492001233616e-10
4300 1.46868608074226e-10
4400 1.4648614843036553e-10
4500 1.6754992124197256e-10
4600 1.8541660646088308e-10
4700 2.0328997877824717e-10
4800 2.053519552492152e-10
4900 1.9686505578049473e-10
5000 2.0247656048015303e-10
5100 2.1270884575698212e-10
5200 2.0396158837234853e-10
5300 1.8945625078346435e-10
5400 1.6534813871091456e-10
5500 1.350592102988659e-10
5600 1.1855375297536184e-10
5700 1.1417307089742284e-10
5800 1.1040997298593263e-10
5900 1.0923686803341315e-10
6000 1.1032041718047596e-10
6100 1.1197061165275222e-10
6200 1.1224033910878326e-10
6300 1.1537363490313066e-10
6400 1.1825021194125536e-10
6500 1.1368204107574873e-10
6600 1.1597297608151868e-10
6700 1.0967680167869357e-10
6800 1.1151489258622599e-10
6900 1.1441619625910937e-10
7000 1.0623768813523057e-10
7100 9.962600886126487e-11
7200 8.691072749073186e-11
7300 7.149989913836674e-11
7400 6.524201472942981e-11
7500 5.6418421827336805e-11
7600 5.2703619172740384e-11
7700 5.149702094683537e-11
7800 4.929050939478781e-11
7900 4.050572606513527e-11
8000 2.7975570618468528e-11
8100 2.1789480094004285e-11
8200 1.6353584768505875e-11
8300 1.4164538839500434e-11
8400 1.2241143506512739e-11
8500 1.0693422193966419e-11
8600 9.35011518933723e-12
8700 7.587300302197882e-12
8800 7.0827110203498854e-12
8900 6.72974435098908e-12
9000 6.498875720071255e-12
9100 6.144335070930208e-12
9200 5.80360727655586e-12
9300 5.58895445431642e-12
9400 5.374419505780031e-12
9500 5.224409342141422e-12
9600 4.987386406138319e-12
9700 4.476348174805644e-12
9800 4.017597911659789e-12
9900 3.702156611022504e-12
10000 3.2978207495206042e-12
10100 2.8784808337570507e-12
10200 2.4121151998662287e-12
10300 1.9593849403851095e-12
10400 1.3118809478581198e-12
10500 5.177205587544367e-13
10600 0.0
10700 0.0
10800 0.0
10900 0.0
11000 0.0
11100 0.0
11200 0.0
11300 0.0
11400 0.0
11500 0.0
11600 0.0
11700 0.0
11800 0.0
11900 0.0
12000 0.0
12100 0.0
12200 0.0
12300 0.0
12400 0.0
12500 0.0
12600 0.0
12700 0.0
12800 0.0
12900 0.0
13000 0.0
13100 0.0
13200 0.0
13300 0.0
13400 0.0
13500 0.0
13600 0.0
13700 0.0
13800 0.0
13900 0.0
14000 0.0
14100 0.0
14200 0.0
14300 0.0
14400 0.0
14500 0.0
14600 0.0
14700 0.0
14800 0.0
14900 0.0
15000 0.0
