
# Total neutron yield = 2.165365310318367e-06  n/decay
	 c12 0.0
	 c13 2.165365310318367e-06
# Integral of spectrum = 2.218851035757634e-06  n/decay
100 7.270067779406159e-10
200 4.705096739160945e-10
300 3.647518488008301e-10
400 4.179666667756633e-10
500 3.5755511966762397e-10
600 3.9312336689233155e-10
700 4.3436708538334115e-10
800 4.377125368018893e-10
900 3.753043668823246e-10
1000 3.3917754407127845e-10
1100 3.5680733484735255e-10
1200 3.74257891548022e-10
1300 2.37583694488411e-10
1400 2.1042142146850894e-10
1500 2.1685145757916732e-10
1600 2.2300305728926147e-10
1700 2.2859933551317138e-10
1800 2.282223246143787e-10
1900 2.068163397825563e-10
2000 1.9575589339734164e-10
2100 1.508269560974013e-10
2200 1.5285247902457433e-10
2300 1.5479771150907174e-10
2400 1.5667402181864654e-10
2500 1.5869372575145768e-10
2600 1.6097161986251118e-10
2700 1.6162110882660518e-10
2800 1.0535698332560773e-10
2900 2.7182350996082208e-11
3000 1.9822897810113913e-11
3100 2.442779831000491e-11
3200 3.042748203732802e-11
3300 3.7671965451065143e-11
3400 4.634077537229036e-11
3500 5.6616233503243434e-11
3600 6.867472813463813e-11
3700 8.267620392325834e-11
3800 9.875177036624761e-11
3900 1.169896939522751e-10
4000 1.37419628573433e-10
4100 1.599968207485248e-10
4200 1.8458688168816237e-10
4300 2.109545407635609e-10
4400 2.387580183467573e-10
4500 2.6755425249865717e-10
4600 2.96816154151524e-10
4700 3.2596507613636935e-10
4800 3.544164792667858e-10
4900 3.816324652109168e-10
5000 4.071734850120844e-10
5100 4.30733270973796e-10
5200 4.5214669429184824e-10
5300 4.713612356980854e-10
5400 4.88372621485837e-10
5500 5.031364338718273e-10
5600 5.154744772772762e-10
5700 5.250090575005407e-10
5800 5.311506295586786e-10
5900 5.331563889402922e-10
6000 5.302588459789852e-10
6100 5.218366015833613e-10
6200 5.075795351751185e-10
6300 4.875957720492806e-10
6400 4.624219076839484e-10
6500 4.329350224428157e-10
6600 4.0019945840730927e-10
6700 3.653091008897495e-10
6800 3.292754201915041e-10
6900 2.9298880280091076e-10
7000 2.5723954832867257e-10
7100 2.2276717308861187e-10
7200 1.902987236643789e-10
7300 1.6054676551196885e-10
7400 1.3415885275433928e-10
7500 1.1162820408584843e-10
7600 9.319776506855029e-11
7700 7.879850818807442e-11
7800 6.805411512321639e-11
7900 6.035706543361984e-11
8000 5.49877952183859e-11
8100 5.123248895578177e-11
8200 4.845957101858307e-11
8300 4.614125637217295e-11
8400 4.383662628976588e-11
8500 4.11709507325052e-11
8600 3.784623508968883e-11
8700 3.369379435288604e-11
8800 2.8743405806094632e-11
8900 2.3257980596074844e-11
9000 1.7687446728076686e-11
9100 1.2542460157566594e-11
9200 8.238745244452066e-12
9300 4.9860861089061515e-12
9400 2.768224455819097e-12
9500 1.4050001879798394e-12
9600 6.501071125827355e-13
9700 2.736340008365896e-13
9800 1.0458108287242425e-13
9900 3.62427097518906e-14
10000 1.1375421928771663e-14
10100 3.230898415113543e-15
10200 8.300564970639759e-16
10300 1.9304471681676746e-16
10400 4.088080994735182e-17
10500 8.115576118758593e-18
10600 1.7183132547969898e-18
10700 5.519075404384732e-19
10800 3.237280402307659e-19
10900 9.286467193502929e-20
11000 7.085131180632599e-20
11100 1.2970610570580444e-21
11200 8.458666290029233e-22
11300 1.4113966262857463e-24
11400 6.189608516845895e-25
11500 1.5942384867566654e-27
11600 1.3691505016391402e-28
11700 4.815234182040009e-30
11800 2.3540744824278277e-31
11900 1.0297646291307175e-32
12000 4.068038436221977e-34
12100 1.4464696280550056e-35
12200 4.629239625250578e-37
12300 1.333309059765214e-38
12400 3.4560894432742252e-40
12500 8.061580373337874e-42
12600 1.6921383575712598e-43
12700 3.196205405374239e-45
12800 5.432135796634583e-47
12900 8.307295067086676e-49
13000 1.14303597540476e-50
13100 1.4150536665354779e-52
13200 1.5750329920215245e-54
13300 1.5424585513997714e-56
13400 0.0
13500 0.0
13600 0.0
13700 0.0
13800 0.0
13900 0.0
14000 0.0
14100 0.0
14200 0.0
14300 0.0
14400 0.0
14500 0.0
14600 0.0
14700 0.0
14800 0.0
14900 0.0
15000 0.0
15100 0.0
15200 0.0
15300 0.0
15400 0.0
15500 0.0
15600 0.0
15700 0.0
15800 0.0
15900 0.0
16000 0.0
16100 0.0
16200 0.0
16300 0.0
16400 0.0
16500 0.0
16600 0.0
16700 0.0
16800 0.0
16900 0.0
17000 0.0
