
# Total neutron yield = 0.0  n/decay
	 na23 0.0
# Integral of spectrum = 1.9632866350214964e-07  n/decay
100 0.0
200 0.0
300 0.0
400 0.0
500 0.0
600 0.0
700 0.0
800 0.0
900 0.0
1000 0.0
1100 0.0
1200 0.0
1300 0.0
1400 0.0
1500 0.0
1600 0.0
1700 0.0
1800 0.0
1900 0.0
2000 0.0
2100 0.0
2200 0.0
2300 0.0
2400 0.0
2500 0.0
2600 0.0
2700 0.0
2800 0.0
2900 0.0
3000 0.0
3100 0.0
3200 0.0
3300 0.0
3400 0.0
3500 0.0
3600 0.0
3700 0.0
3800 0.0
3900 0.0
4000 0.0
4100 0.0
4200 0.0
4300 0.0
4400 0.0
4500 0.0
4600 0.0
4700 0.0
4800 0.0
4900 0.0
5000 0.0
5100 0.0
5200 0.0
5300 0.0
5400 7.467341572479678e-14
5500 4.099709701800828e-12
5600 1.4309370416084088e-11
5700 2.7075567044611788e-11
5800 4.403886902781288e-11
5900 6.26827145395105e-11
6000 8.366444426808207e-11
6100 9.859211613371882e-11
6200 9.663938451395176e-11
6300 9.477210219711388e-11
6400 9.299963706776989e-11
6500 9.132584087803742e-11
6600 8.975081101263777e-11
6700 8.827233280136841e-11
6800 8.688648539205095e-11
6900 8.558864606984573e-11
7000 8.437350581280083e-11
7100 8.323565722424928e-11
7200 8.216952225914093e-11
7300 8.116942371028102e-11
7400 8.02296592228844e-11
7500 7.932890208226992e-11
7600 7.682977973072771e-11
7700 7.218373195410286e-11
7800 6.543497547864574e-11
7900 5.808994647511826e-11
8000 4.9662286647936824e-11
8100 3.918141774491146e-11
8200 2.854694684830845e-11
8300 1.654622514669028e-11
8400 5.531950203306855e-12
8500 0.0
8600 0.0
8700 0.0
8800 0.0
8900 0.0
9000 0.0
9100 0.0
9200 0.0
9300 0.0
9400 0.0
9500 0.0
9600 0.0
9700 0.0
9800 0.0
9900 0.0
10000 0.0
10100 0.0
10200 0.0
10300 0.0
10400 0.0
10500 0.0
10600 0.0
10700 0.0
10800 0.0
10900 0.0
11000 0.0
11100 0.0
11200 0.0
11300 0.0
11400 0.0
11500 0.0
11600 0.0
11700 0.0
11800 0.0
11900 0.0
12000 0.0
12100 0.0
12200 0.0
12300 0.0
12400 0.0
12500 0.0
12600 0.0
12700 0.0
12800 0.0
12900 0.0
13000 0.0
13100 0.0
13200 0.0
13300 0.0
13400 0.0
13500 0.0
13600 0.0
13700 0.0
13800 0.0
13900 0.0
14000 0.0
14100 0.0
14200 0.0
14300 0.0
14400 0.0
14500 0.0
14600 0.0
14700 0.0
14800 0.0
14900 0.0
15000 0.0
