
# Total neutron yield = 0.0  n/decay
	 na23 0.0
# Integral of spectrum = 1.0080022324198954e-07  n/decay
100 0.0
200 0.0
300 0.0
400 0.0
500 0.0
600 0.0
700 0.0
800 0.0
900 0.0
1000 0.0
1100 0.0
1200 0.0
1300 0.0
1400 0.0
1500 0.0
1600 0.0
1700 0.0
1800 0.0
1900 0.0
2000 0.0
2100 0.0
2200 0.0
2300 0.0
2400 0.0
2500 0.0
2600 0.0
2700 0.0
2800 0.0
2900 0.0
3000 0.0
3100 0.0
3200 0.0
3300 0.0
3400 0.0
3500 0.0
3600 0.0
3700 0.0
3800 0.0
3900 0.0
4000 0.0
4100 0.0
4200 0.0
4300 0.0
4400 0.0
4500 0.0
4600 0.0
4700 0.0
4800 0.0
4900 0.0
5000 0.0
5100 0.0
5200 0.0
5300 0.0
5400 9.654869214131558e-14
5500 2.9929755805581936e-12
5600 9.169845511855699e-12
5700 1.7292060430661814e-11
5800 2.847087490653204e-11
5900 3.996265900977963e-11
6000 5.3216752217611694e-11
6100 5.113207505743876e-11
6200 4.930047640126136e-11
6300 4.769795712630937e-11
6400 4.630332509262408e-11
6500 4.509788759176237e-11
6600 4.406482761900437e-11
6700 4.318933859185369e-11
6800 4.2458228745143805e-11
6900 4.1859668205243434e-11
7000 4.138309479942354e-11
7100 4.101914617828091e-11
7200 4.0759285859707355e-11
7300 4.0595933195046085e-11
7400 4.052226526365124e-11
7500 4.0524182006342404e-11
7600 3.967812906373098e-11
7700 3.7304414532175195e-11
7800 3.420360808277781e-11
7900 3.0179404256861195e-11
8000 2.463863919108853e-11
8100 1.8621256051273728e-11
8200 1.1471887265969765e-11
8300 4.795485893784703e-12
8400 0.0
8500 0.0
8600 0.0
8700 0.0
8800 0.0
8900 0.0
9000 0.0
9100 0.0
9200 0.0
9300 0.0
9400 0.0
9500 0.0
9600 0.0
9700 0.0
9800 0.0
9900 0.0
10000 0.0
10100 0.0
10200 0.0
10300 0.0
10400 0.0
10500 0.0
10600 0.0
10700 0.0
10800 0.0
10900 0.0
11000 0.0
11100 0.0
11200 0.0
11300 0.0
11400 0.0
11500 0.0
11600 0.0
11700 0.0
11800 0.0
11900 0.0
12000 0.0
12100 0.0
12200 0.0
12300 0.0
12400 0.0
12500 0.0
12600 0.0
12700 0.0
12800 0.0
12900 0.0
13000 0.0
13100 0.0
13200 0.0
13300 0.0
13400 0.0
13500 0.0
13600 0.0
13700 0.0
13800 0.0
13900 0.0
14000 0.0
14100 0.0
14200 0.0
14300 0.0
14400 0.0
14500 0.0
14600 0.0
14700 0.0
14800 0.0
14900 0.0
15000 0.0
