
# Total neutron yield = 0.0  n/decay
	 na23 0.0
# Integral of spectrum = 6.501691397989588e-08  n/decay
100 0.0
200 0.0
300 0.0
400 0.0
500 0.0
600 0.0
700 0.0
800 0.0
900 0.0
1000 0.0
1100 0.0
1200 0.0
1300 0.0
1400 0.0
1500 0.0
1600 0.0
1700 0.0
1800 0.0
1900 0.0
2000 0.0
2100 0.0
2200 0.0
2300 0.0
2400 0.0
2500 0.0
2600 0.0
2700 0.0
2800 0.0
2900 0.0
3000 0.0
3100 0.0
3200 0.0
3300 0.0
3400 0.0
3500 0.0
3600 0.0
3700 0.0
3800 0.0
3900 0.0
4000 0.0
4100 0.0
4200 0.0
4300 0.0
4400 0.0
4500 0.0
4600 0.0
4700 0.0
4800 0.0
4900 0.0
5000 0.0
5100 0.0
5200 0.0
5300 0.0
5400 6.807235914982379e-14
5500 1.9793157760328465e-12
5600 5.7027297805626856e-12
5700 1.1140070822297009e-11
5800 1.742997021760156e-11
5900 2.5115241852289837e-11
6000 3.20304886676272e-11
6100 3.344485232443381e-11
6200 3.2071016466469614e-11
6300 3.0886468169053325e-11
6400 2.987089108078535e-11
6500 2.90069755098858e-11
6600 2.8279884479067118e-11
6700 2.7676924186704988e-11
6800 2.718699398517801e-11
6900 2.6800488105824765e-11
7000 2.6508922217208202e-11
7100 2.630494916018159e-11
7200 2.6182026766372695e-11
7300 2.6134423129810496e-11
7400 2.615714957393354e-11
7500 2.623913693636957e-11
7600 2.5787167719144173e-11
7700 2.427819735081802e-11
7800 2.2343491267039037e-11
7900 1.9570763972838195e-11
8000 1.6493425942364242e-11
8100 1.2850069735372887e-11
8200 8.383847014555019e-12
8300 4.2451852299875575e-12
8400 0.0
8500 0.0
8600 0.0
8700 0.0
8800 0.0
8900 0.0
9000 0.0
9100 0.0
9200 0.0
9300 0.0
9400 0.0
9500 0.0
9600 0.0
9700 0.0
9800 0.0
9900 0.0
10000 0.0
10100 0.0
10200 0.0
10300 0.0
10400 0.0
10500 0.0
10600 0.0
10700 0.0
10800 0.0
10900 0.0
11000 0.0
11100 0.0
11200 0.0
11300 0.0
11400 0.0
11500 0.0
11600 0.0
11700 0.0
11800 0.0
11900 0.0
12000 0.0
12100 0.0
12200 0.0
12300 0.0
12400 0.0
12500 0.0
12600 0.0
12700 0.0
12800 0.0
12900 0.0
13000 0.0
13100 0.0
13200 0.0
13300 0.0
13400 0.0
13500 0.0
13600 0.0
13700 0.0
13800 0.0
13900 0.0
14000 0.0
14100 0.0
14200 0.0
14300 0.0
14400 0.0
14500 0.0
14600 0.0
14700 0.0
14800 0.0
14900 0.0
15000 0.0
