
# Total neutron yield = 0.0  n/decay
	 na23 0.0
# Integral of spectrum = 1.3141209380806553e-05  n/decay
100 0.0
200 0.0
300 0.0
400 0.0
500 0.0
600 0.0
700 0.0
800 0.0
900 0.0
1000 0.0
1100 0.0
1200 0.0
1300 0.0
1400 0.0
1500 0.0
1600 0.0
1700 0.0
1800 0.0
1900 0.0
2000 0.0
2100 0.0
2200 0.0
2300 0.0
2400 0.0
2500 0.0
2600 0.0
2700 0.0
2800 0.0
2900 0.0
3000 0.0
3100 0.0
3200 0.0
3300 0.0
3400 0.0
3500 0.0
3600 0.0
3700 0.0
3800 0.0
3900 0.0
4000 0.0
4100 0.0
4200 0.0
4300 0.0
4400 0.0
4500 0.0
4600 0.0
4700 0.0
4800 0.0
4900 0.0
5000 0.0
5100 0.0
5200 0.0
5300 0.0
5400 0.0
5500 0.0
5600 0.0
5700 0.0
5800 1.1606864886971292e-11
5900 4.6331245614928696e-11
6000 9.95087320591151e-11
6100 1.7307598597668665e-10
6200 2.629898397440211e-10
6300 3.6929858538751846e-10
6400 5.059501068704418e-10
6500 6.756390195717987e-10
6600 8.743148793377028e-10
6700 1.1290724165376152e-09
6800 1.4290975231499177e-09
6900 1.7562241553297752e-09
7000 2.149713335975949e-09
7100 2.5002229215296117e-09
7200 2.8843389128268946e-09
7300 3.2011924512368597e-09
7400 3.4958566148203764e-09
7500 3.812407252733015e-09
7600 4.078440002294643e-09
7700 4.276178680072605e-09
7800 4.435695102113372e-09
7900 4.568166582218017e-09
8000 4.650373745631207e-09
8100 4.61439511069538e-09
8200 4.565903286851563e-09
8300 4.501365731315716e-09
8400 4.430885696884298e-09
8500 4.3334579129809844e-09
8600 4.222710320131893e-09
8700 4.102109561253882e-09
8800 3.935878389197856e-09
8900 3.77953928236274e-09
9000 3.596855448386852e-09
9100 3.4615191273543744e-09
9200 3.30959736264116e-09
9300 3.1664389394670222e-09
9400 2.9904362280237487e-09
9500 2.7538829613985155e-09
9600 2.4974682748853217e-09
9700 2.2788607927888243e-09
9800 2.0608314093755904e-09
9900 1.8803024877237825e-09
10000 1.7329669944101373e-09
10100 1.570784476663509e-09
10200 1.4205978164494553e-09
10300 1.2686402623343233e-09
10400 1.1985403308742702e-09
10500 1.1341256136249192e-09
10600 1.069656116710649e-09
10700 9.9891043810009e-10
10800 9.342641623548396e-10
10900 8.626996077718163e-10
11000 7.971761454659997e-10
11100 7.322144761789217e-10
11200 6.621111297677332e-10
11300 6.000372428644406e-10
11400 5.328017847053973e-10
11500 4.731296429603943e-10
11600 4.136730939624152e-10
11700 3.475216156263603e-10
11800 2.873540957280099e-10
11900 2.2657267550449882e-10
12000 1.5835982927571603e-10
12100 9.592507623464952e-11
12200 2.589790085839966e-11
12300 0.0
12400 0.0
12500 0.0
12600 0.0
12700 0.0
12800 0.0
12900 0.0
13000 0.0
13100 0.0
13200 0.0
13300 0.0
13400 0.0
13500 0.0
13600 0.0
13700 0.0
13800 0.0
13900 0.0
14000 0.0
14100 0.0
14200 0.0
14300 0.0
14400 0.0
14500 0.0
14600 0.0
14700 0.0
14800 0.0
14900 0.0
15000 0.0
