
# Total neutron yield = 0.0  n/decay
	 na23 0.0
# Integral of spectrum = 9.226662356809191e-07  n/decay
100 0.0
200 0.0
300 0.0
400 0.0
500 0.0
600 0.0
700 0.0
800 0.0
900 0.0
1000 0.0
1100 0.0
1200 0.0
1300 0.0
1400 0.0
1500 0.0
1600 0.0
1700 0.0
1800 0.0
1900 0.0
2000 0.0
2100 0.0
2200 0.0
2300 0.0
2400 0.0
2500 0.0
2600 0.0
2700 0.0
2800 0.0
2900 0.0
3000 0.0
3100 0.0
3200 0.0
3300 0.0
3400 0.0
3500 0.0
3600 0.0
3700 0.0
3800 0.0
3900 0.0
4000 0.0
4100 0.0
4200 0.0
4300 0.0
4400 0.0
4500 0.0
4600 0.0
4700 0.0
4800 0.0
4900 0.0
5000 0.0
5100 0.0
5200 0.0
5300 0.0
5400 0.0
5500 0.0
5600 1.5760573341501807e-11
5700 5.447891370204533e-11
5800 9.967155662748821e-11
5900 1.4559003442319045e-10
6000 1.9403369227703846e-10
6100 2.4622215243306375e-10
6200 2.581602332391057e-10
6300 2.7276312007575515e-10
6400 2.855710370512309e-10
6500 2.998439446035206e-10
6600 3.1226931708415765e-10
6700 3.261518349485543e-10
6800 3.382422706905047e-10
6900 3.517348983693359e-10
7000 3.6356909634949085e-10
7100 3.766410020192053e-10
7200 3.880712844841944e-10
7300 4.00705446846905e-10
7400 4.091500290480293e-10
7500 4.0431528047856087e-10
7600 3.78216549573551e-10
7700 3.4629036672438374e-10
7800 3.19172700675185e-10
7900 2.90430957435469e-10
8000 2.5640188168121586e-10
8100 2.25086438254385e-10
8200 1.9914953825008755e-10
8300 1.8553578565531942e-10
8400 1.7330821823674812e-10
8500 1.6015501195781452e-10
8600 1.4877850412365458e-10
8700 1.3781635685682324e-10
8800 1.259835188813701e-10
8900 1.1570757753754254e-10
9000 1.0453085139964683e-10
9100 9.482080842413101e-11
9200 8.41825972022933e-11
9300 7.489240065487323e-11
9400 6.57501294455751e-11
9500 5.568806989409397e-11
9600 4.685259756124343e-11
9700 3.707268289193662e-11
9800 2.83681409205372e-11
9900 1.9639969935109082e-11
10000 9.884984543324742e-12
10100 0.0
10200 0.0
10300 0.0
10400 0.0
10500 0.0
10600 0.0
10700 0.0
10800 0.0
10900 0.0
11000 0.0
11100 0.0
11200 0.0
11300 0.0
11400 0.0
11500 0.0
11600 0.0
11700 0.0
11800 0.0
11900 0.0
12000 0.0
12100 0.0
12200 0.0
12300 0.0
12400 0.0
12500 0.0
12600 0.0
12700 0.0
12800 0.0
12900 0.0
13000 0.0
13100 0.0
13200 0.0
13300 0.0
13400 0.0
13500 0.0
13600 0.0
13700 0.0
13800 0.0
13900 0.0
14000 0.0
14100 0.0
14200 0.0
14300 0.0
14400 0.0
14500 0.0
14600 0.0
14700 0.0
14800 0.0
14900 0.0
15000 0.0
