
# Total neutron yield = 0.0  n/decay
	 b10 0.0
	 b11 0.0
# Integral of spectrum = 8.154606367324342e-05  n/decay
100 0.0
200 0.0
300 0.0
400 0.0
500 0.0
600 0.0
700 4.901870841833107e-13
800 3.9408327719866665e-12
900 4.901401753414852e-10
1000 4.537855592004954e-10
1100 8.614934524667342e-10
1200 3.017485613267303e-09
1300 3.015662831908329e-09
1400 4.911800740460108e-09
1500 5.560461953864956e-09
1600 6.637726946205493e-09
1700 7.702931432273544e-09
1800 9.495039310946302e-09
1900 1.2566593152785603e-08
2000 1.6198077662018143e-08
2100 1.9521037635179805e-08
2200 2.3401523298735613e-08
2300 2.6270675477005843e-08
2400 2.8722722580113873e-08
2500 3.0919029742138915e-08
2600 3.2193973608126045e-08
2700 3.3484971406040515e-08
2800 3.4316959114665595e-08
2900 3.466792973013551e-08
3000 3.386749443099774e-08
3100 3.2888842562610785e-08
3200 3.163452294057602e-08
3300 3.0436398759775706e-08
3400 2.9088266060733438e-08
3500 2.8025129553725236e-08
3600 2.659011237095373e-08
3700 2.55058251933299e-08
3800 2.431448298244037e-08
3900 2.2662662905926454e-08
4000 2.107126904079079e-08
4100 1.90973282999294e-08
4200 1.697278141200257e-08
4300 1.567701677733371e-08
4400 1.4536972389196198e-08
4500 1.338337476358045e-08
4600 1.2056888193583139e-08
4700 1.0977089327792208e-08
4800 9.630050578868221e-09
4900 8.588153385822192e-09
5000 7.494177881890321e-09
5100 6.592034606828428e-09
5200 5.518260547039033e-09
5300 4.705033410836118e-09
5400 3.86717253125597e-09
5500 3.204590464192291e-09
5600 2.7569271267314435e-09
5700 2.400256888857586e-09
5800 2.164789482483982e-09
5900 1.873715636980098e-09
6000 1.6497126679674596e-09
6100 1.51898197880841e-09
6200 1.4300129950529453e-09
6300 1.3686380928877735e-09
6400 1.299367041673608e-09
6500 1.2022749137930873e-09
6600 1.0616530947397944e-09
6700 9.535895033222037e-10
6800 8.416329337263918e-10
6900 6.953134490942033e-10
7000 5.520523325810618e-10
7100 4.0264441431605314e-10
7200 2.3282674318870275e-10
7300 5.206165891403751e-11
7400 4.593057485547208e-11
7500 4.020529996300601e-11
7600 3.4150440349905666e-11
7700 2.8168124895743123e-11
7800 2.2286069105993855e-11
7900 1.653544500102199e-11
8000 1.095084387975984e-11
8100 5.575164517582271e-12
8200 0.0
8300 0.0
8400 0.0
8500 0.0
8600 0.0
8700 0.0
8800 0.0
8900 0.0
9000 0.0
9100 0.0
9200 0.0
9300 0.0
9400 0.0
9500 0.0
9600 0.0
9700 0.0
9800 0.0
9900 0.0
10000 0.0
10100 0.0
10200 0.0
10300 0.0
10400 0.0
10500 0.0
10600 0.0
10700 0.0
10800 0.0
10900 0.0
11000 0.0
11100 0.0
11200 0.0
11300 0.0
11400 0.0
11500 0.0
11600 0.0
11700 0.0
11800 0.0
11900 0.0
12000 0.0
12100 0.0
12200 0.0
12300 0.0
12400 0.0
12500 0.0
12600 0.0
12700 0.0
12800 0.0
12900 0.0
13000 0.0
13100 0.0
13200 0.0
13300 0.0
13400 0.0
13500 0.0
13600 0.0
13700 0.0
13800 0.0
13900 0.0
14000 0.0
14100 0.0
14200 0.0
14300 0.0
14400 0.0
14500 0.0
14600 0.0
14700 0.0
14800 0.0
14900 0.0
15000 0.0
