
# Total neutron yield = 0.0  n/decay
	 be9 0.0
# Integral of spectrum = 8.058720907826241e-05  n/decay
100 0.0
200 0.0
300 0.0
400 0.0
500 0.0
600 0.0
700 0.0
800 0.0
900 0.0
1000 0.0
1100 0.0
1200 0.0
1300 0.0
1400 0.0
1500 0.0
1600 0.0
1700 0.0
1800 0.0
1900 0.0
2000 0.0
2100 0.0
2200 0.0
2300 0.0
2400 0.0
2500 0.0
2600 0.0
2700 0.0
2800 0.0
2900 0.0
3000 0.0
3100 0.0
3200 0.0
3300 0.0
3400 0.0
3500 0.0
3600 0.0
3700 0.0
3800 0.0
3900 0.0
4000 0.0
4100 0.0
4200 0.0
4300 0.0
4400 0.0
4500 0.0
4600 0.0
4700 0.0
4800 0.0
4900 0.0
5000 0.0
5100 4.972300356569642e-12
5200 2.995410813670412e-11
5300 2.2614595651539805e-10
5400 1.1326388236005533e-09
5500 2.966744929858322e-09
5600 5.7067369231806364e-09
5700 8.507512374841518e-09
5800 9.670176589112717e-09
5900 1.01890287834069e-08
6000 1.0673711872572737e-08
6100 1.2411169771603378e-08
6200 1.736799294527757e-08
6300 2.327189175726637e-08
6400 2.713899074445413e-08
6500 2.818618198861386e-08
6600 2.6933410633709587e-08
6700 2.531689976512904e-08
6800 2.388246070862499e-08
6900 2.3407438429710286e-08
7000 2.346998477783584e-08
7100 2.367286647444815e-08
7200 2.388360651167012e-08
7300 2.4001585314245894e-08
7400 2.402668007761039e-08
7500 2.3882352398764326e-08
7600 2.355670226693276e-08
7700 2.2946535307711817e-08
7800 2.2084565533629075e-08
7900 2.0978195520264365e-08
8000 1.9652427240115808e-08
8100 1.8129859679485247e-08
8200 1.6571972341503735e-08
8300 1.5031646980576468e-08
8400 1.381168370961115e-08
8500 1.2819895935703803e-08
8600 1.1977551990269167e-08
8700 1.132562272516738e-08
8800 1.0861400175407433e-08
8900 1.0596434094348774e-08
9000 1.0569060236525276e-08
9100 1.0684878181751241e-08
9200 1.092905053483431e-08
9300 1.1184479873297588e-08
9400 1.1474830255738727e-08
9500 1.1473100126610174e-08
9600 1.1228012133467253e-08
9700 1.0699430646061602e-08
9800 1.0193472980842609e-08
9900 9.332917825330425e-09
10000 8.459874270014058e-09
10100 7.658012925237415e-09
10200 6.727221940349005e-09
10300 5.945643172959232e-09
10400 5.162139591437246e-09
10500 4.513906887819956e-09
10600 3.984085046868568e-09
10700 3.467450949290041e-09
10800 2.9409975396685457e-09
10900 2.444212296304594e-09
11000 1.9538763671512305e-09
11100 1.6589644707244484e-09
11200 1.4554527475681544e-09
11300 1.3077250147320365e-09
11400 1.1790631176226162e-09
11500 1.051763837285045e-09
11600 1.005536108333555e-09
11700 9.458767951592705e-10
11800 8.82397968815577e-10
11900 8.179096652672918e-10
12000 7.539780259326305e-10
12100 6.799826588704444e-10
12200 6.035960085603568e-10
12300 5.261933869176621e-10
12400 4.4594209638689805e-10
12500 3.709358152739537e-10
12600 2.9525943148536576e-10
12700 2.2750571954000795e-10
12800 1.6755577793487012e-10
12900 1.0954434916992371e-10
13000 5.46255442119419e-11
13100 0.0
13200 0.0
13300 0.0
13400 0.0
13500 0.0
13600 0.0
13700 0.0
13800 0.0
13900 0.0
14000 0.0
14100 0.0
14200 0.0
14300 0.0
14400 0.0
14500 0.0
14600 0.0
14700 0.0
14800 0.0
14900 0.0
15000 0.0
