
# Total neutron yield = 0.0  n/decay
	 o16 0.0
	 o17 0.0
	 o18 0.0
# Integral of spectrum = 1.8167339032361553e-11  n/decay
100 0.0
200 0.0
300 0.0
400 0.0
500 0.0
600 0.0
700 0.0
800 0.0
900 0.0
1000 0.0
1100 0.0
1200 0.0
1300 0.0
1400 0.0
1500 0.0
1600 0.0
1700 0.0
1800 0.0
1900 0.0
2000 0.0
2100 0.0
2200 0.0
2300 0.0
2400 0.0
2500 0.0
2600 0.0
2700 0.0
2800 0.0
2900 0.0
3000 0.0
3100 0.0
3200 0.0
3300 0.0
3400 0.0
3500 0.0
3600 0.0
3700 0.0
3800 0.0
3900 0.0
4000 0.0
4100 3.9469376530577564e-15
4200 1.1926441597571586e-14
4300 1.15162727027912e-14
4400 1.1147558938143751e-14
4500 1.0815825161210208e-14
4600 1.0517158668407076e-14
4700 1.0248148473673627e-14
4800 1.0005804638372518e-14
4900 9.787546649316722e-15
5000 9.59102354740845e-15
5100 9.414237468093887e-15
5200 9.25537987412882e-15
5300 9.112845639805792e-15
5400 8.98521995009891e-15
5500 8.871237534550777e-15
5600 8.769761772914983e-15
5700 8.679776505088124e-15
5800 8.600390236585763e-15
5900 7.805163818229025e-15
6000 2.6766594941665366e-15
6100 0.0
6200 0.0
6300 0.0
6400 0.0
6500 0.0
6600 0.0
6700 0.0
6800 0.0
6900 0.0
7000 0.0
7100 0.0
7200 0.0
7300 0.0
7400 0.0
7500 0.0
7600 0.0
7700 0.0
7800 0.0
7900 0.0
8000 0.0
8100 0.0
8200 0.0
8300 0.0
8400 0.0
8500 0.0
8600 0.0
8700 0.0
8800 0.0
8900 0.0
9000 0.0
9100 0.0
9200 0.0
9300 0.0
9400 0.0
9500 0.0
9600 0.0
9700 0.0
9800 0.0
9900 0.0
10000 0.0
10100 0.0
10200 0.0
10300 0.0
10400 0.0
10500 0.0
10600 0.0
10700 0.0
10800 0.0
10900 0.0
11000 0.0
11100 0.0
11200 0.0
11300 0.0
11400 0.0
11500 0.0
11600 0.0
11700 0.0
11800 0.0
11900 0.0
12000 0.0
12100 0.0
12200 0.0
12300 0.0
12400 0.0
12500 0.0
12600 0.0
12700 0.0
12800 0.0
12900 0.0
13000 0.0
13100 0.0
13200 0.0
13300 0.0
13400 0.0
13500 0.0
13600 0.0
13700 0.0
13800 0.0
13900 0.0
14000 0.0
14100 0.0
14200 0.0
14300 0.0
14400 0.0
14500 0.0
14600 0.0
14700 0.0
14800 0.0
14900 0.0
15000 0.0
