
# Total neutron yield = 0.0  n/decay
	 f19 0.0
# Integral of spectrum = 3.0918565098426264e-06  n/decay
100 0.0
200 0.0
300 0.0
400 0.0
500 0.0
600 0.0
700 0.0
800 0.0
900 0.0
1000 0.0
1100 0.0
1200 0.0
1300 0.0
1400 0.0
1500 0.0
1600 0.0
1700 0.0
1800 0.0
1900 0.0
2000 0.0
2100 0.0
2200 0.0
2300 0.0
2400 0.0
2500 0.0
2600 0.0
2700 0.0
2800 0.0
2900 0.0
3000 0.0
3100 0.0
3200 0.0
3300 0.0
3400 0.0
3500 0.0
3600 0.0
3700 0.0
3800 0.0
3900 0.0
4000 0.0
4100 0.0
4200 0.0
4300 0.0
4400 0.0
4500 0.0
4600 0.0
4700 2.463978995722634e-13
4800 2.994357988943773e-11
4900 1.0705603887039676e-10
5000 2.3140375916324852e-10
5100 4.0699134041061807e-10
5200 6.159494899127581e-10
5300 8.873721492740614e-10
5400 1.1888129258783943e-09
5500 1.3990837640610555e-09
5600 1.6343659447608487e-09
5700 1.8470175893603525e-09
5800 1.8807068717285863e-09
5900 1.8045583344196759e-09
6000 1.7433380090194602e-09
6100 1.6956700229698074e-09
6200 1.653294629662518e-09
6300 1.606963882433508e-09
6400 1.5512185869581265e-09
6500 1.492199299858353e-09
6600 1.4168078130250352e-09
6700 1.3362210778653006e-09
6800 1.2426913398100975e-09
6900 1.1212759929127186e-09
7000 9.953416694109796e-10
7100 8.365192532521703e-10
7200 6.900047711862013e-10
7300 5.789099234902216e-10
7400 4.416602956164129e-10
7500 3.046905720904583e-10
7600 1.44073421562683e-10
7700 3.417635167320301e-11
7800 0.0
7900 0.0
8000 0.0
8100 0.0
8200 0.0
8300 0.0
8400 0.0
8500 0.0
8600 0.0
8700 0.0
8800 0.0
8900 0.0
9000 0.0
9100 0.0
9200 0.0
9300 0.0
9400 0.0
9500 0.0
9600 0.0
9700 0.0
9800 0.0
9900 0.0
10000 0.0
10100 0.0
10200 0.0
10300 0.0
10400 0.0
10500 0.0
10600 0.0
10700 0.0
10800 0.0
10900 0.0
11000 0.0
11100 0.0
11200 0.0
11300 0.0
11400 0.0
11500 0.0
11600 0.0
11700 0.0
11800 0.0
11900 0.0
12000 0.0
12100 0.0
12200 0.0
12300 0.0
12400 0.0
12500 0.0
12600 0.0
12700 0.0
12800 0.0
12900 0.0
13000 0.0
13100 0.0
13200 0.0
13300 0.0
13400 0.0
13500 0.0
13600 0.0
13700 0.0
13800 0.0
13900 0.0
14000 0.0
14100 0.0
14200 0.0
14300 0.0
14400 0.0
14500 0.0
14600 0.0
14700 0.0
14800 0.0
14900 0.0
15000 0.0
