
# Total neutron yield = 0.0  n/decay
	 f19 0.0
# Integral of spectrum = 3.7496446444888793e-06  n/decay
100 0.0
200 0.0
300 0.0
400 0.0
500 0.0
600 0.0
700 0.0
800 0.0
900 0.0
1000 0.0
1100 0.0
1200 0.0
1300 0.0
1400 0.0
1500 0.0
1600 0.0
1700 0.0
1800 0.0
1900 0.0
2000 0.0
2100 0.0
2200 0.0
2300 0.0
2400 0.0
2500 0.0
2600 0.0
2700 0.0
2800 0.0
2900 0.0
3000 0.0
3100 0.0
3200 0.0
3300 0.0
3400 0.0
3500 0.0
3600 0.0
3700 0.0
3800 0.0
3900 0.0
4000 0.0
4100 0.0
4200 0.0
4300 0.0
4400 0.0
4500 0.0
4600 0.0
4700 0.0
4800 2.5969727769105036e-13
4900 5.4398608762170015e-12
5000 2.449970474811221e-11
5100 5.842633340588505e-11
5200 1.0770246636834963e-10
5300 1.849105073034122e-10
5400 2.9275649061695836e-10
5500 4.303086361480074e-10
5600 6.034039462556119e-10
5700 7.996596879922771e-10
5800 1.04488239854557e-09
5900 1.3268303685780937e-09
6000 1.5587403661066889e-09
6100 1.8012704247858134e-09
6200 2.0575475917306637e-09
6300 2.178847758122187e-09
6400 2.1585073046681373e-09
6500 2.126032860812112e-09
6600 2.0850277296486904e-09
6700 2.0333787997913262e-09
6800 1.9636016792317653e-09
6900 1.8839289237225145e-09
7000 1.7923519871916342e-09
7100 1.6830173790457057e-09
7200 1.5692884469257659e-09
7300 1.444281812200282e-09
7400 1.298635703803763e-09
7500 1.1535515444170318e-09
7600 9.880982878166183e-10
7700 8.26661738534909e-10
7800 6.67640640517273e-10
7900 5.32017668838975e-10
8000 4.0266189146166575e-10
8100 2.5769743672238054e-10
8200 1.2540858686107044e-10
8300 2.916978381563561e-11
8400 0.0
8500 0.0
8600 0.0
8700 0.0
8800 0.0
8900 0.0
9000 0.0
9100 0.0
9200 0.0
9300 0.0
9400 0.0
9500 0.0
9600 0.0
9700 0.0
9800 0.0
9900 0.0
10000 0.0
10100 0.0
10200 0.0
10300 0.0
10400 0.0
10500 0.0
10600 0.0
10700 0.0
10800 0.0
10900 0.0
11000 0.0
11100 0.0
11200 0.0
11300 0.0
11400 0.0
11500 0.0
11600 0.0
11700 0.0
11800 0.0
11900 0.0
12000 0.0
12100 0.0
12200 0.0
12300 0.0
12400 0.0
12500 0.0
12600 0.0
12700 0.0
12800 0.0
12900 0.0
13000 0.0
13100 0.0
13200 0.0
13300 0.0
13400 0.0
13500 0.0
13600 0.0
13700 0.0
13800 0.0
13900 0.0
14000 0.0
14100 0.0
14200 0.0
14300 0.0
14400 0.0
14500 0.0
14600 0.0
14700 0.0
14800 0.0
14900 0.0
15000 0.0
