
# Total neutron yield = 0.0  n/decay
	 be9 0.0
# Integral of spectrum = 0.00013886449739879716  n/decay
100 0.0
200 0.0
300 0.0
400 0.0
500 0.0
600 0.0
700 0.0
800 0.0
900 0.0
1000 0.0
1100 0.0
1200 0.0
1300 0.0
1400 0.0
1500 0.0
1600 0.0
1700 0.0
1800 0.0
1900 0.0
2000 0.0
2100 0.0
2200 0.0
2300 0.0
2400 0.0
2500 0.0
2600 0.0
2700 0.0
2800 0.0
2900 0.0
3000 0.0
3100 0.0
3200 0.0
3300 0.0
3400 0.0
3500 0.0
3600 0.0
3700 0.0
3800 0.0
3900 0.0
4000 0.0
4100 0.0
4200 0.0
4300 0.0
4400 0.0
4500 0.0
4600 0.0
4700 0.0
4800 0.0
4900 0.0
5000 0.0
5100 8.711951331871019e-12
5200 5.248249573897462e-11
5300 3.9622959712369005e-10
5400 1.984492810205696e-09
5500 5.198024171820529e-09
5600 9.998755258791408e-09
5700 1.4905984846024594e-08
5800 1.694308504586582e-08
5900 1.7852164293090548e-08
6000 1.870137596201452e-08
6100 2.1745570313132202e-08
6200 3.0430365664643985e-08
6300 4.071048380801229e-08
6400 4.619166146982267e-08
6500 4.769558151838835e-08
6600 4.623364122219899e-08
6700 4.346345320953216e-08
6800 4.1216064971834627e-08
6900 4.058914995515649e-08
7000 4.0910642196091555e-08
7100 4.1545831280648164e-08
7200 4.205786858207125e-08
7300 4.218661101900293e-08
7400 4.2043215064991886e-08
7500 4.1607273020818906e-08
7600 4.0672042590873986e-08
7700 3.9501924882830566e-08
7800 3.800889543823782e-08
7900 3.609365309357219e-08
8000 3.379838714331127e-08
8100 3.116045409088962e-08
8200 2.8460526604223558e-08
8300 2.5789359692942357e-08
8400 2.367615038617181e-08
8500 2.195865240244481e-08
8600 2.04987057403473e-08
8700 1.9368333595241103e-08
8800 1.8563273455736697e-08
8900 1.8104394025184928e-08
9000 1.8059423258994133e-08
9100 1.8263307472717247e-08
9200 1.869002691164657e-08
9300 1.9133908250444294e-08
9400 1.9635276945036878e-08
9500 1.9619329131521715e-08
9600 1.9168765309547296e-08
9700 1.820979097291097e-08
9800 1.7274756321303743e-08
9900 1.5721764688493004e-08
10000 1.4179307381837724e-08
10100 1.3033946773277789e-08
10200 1.168666067066032e-08
10300 1.05389214084149e-08
10400 9.281715642737895e-09
10500 8.086630098477289e-09
10600 7.172885027369782e-09
10700 6.3435191001689584e-09
10800 5.487270928870937e-09
10900 4.6625541217921786e-09
11000 3.8270755329292746e-09
11100 3.1853761377915644e-09
11200 2.710515518910092e-09
11300 2.4016721177470756e-09
11400 2.1509734236835862e-09
11500 1.8971471350169998e-09
11600 1.6786954899502002e-09
11700 1.431450283610926e-09
11800 1.1866670907659408e-09
11900 9.605211567147047e-10
12000 7.589259060858717e-10
12100 5.682515647082542e-10
12200 4.321861431223428e-10
12300 3.229832670929962e-10
12400 2.432629361077809e-10
12500 1.713114562880692e-10
12600 1.0156773320982642e-10
12700 4.309802990864214e-11
12800 5.711653565592189e-14
12900 9.066903581680103e-16
13000 7.367132774741317e-16
13100 5.416041555013919e-16
13200 3.3493686096717167e-16
13300 1.4126091489553703e-16
13400 0.0
13500 0.0
13600 0.0
13700 0.0
13800 0.0
13900 0.0
14000 0.0
14100 0.0
14200 0.0
14300 0.0
14400 0.0
14500 0.0
14600 0.0
14700 0.0
14800 0.0
14900 0.0
15000 0.0
