
# Total neutron yield = 0.0  n/decay
	 f19 0.0
# Integral of spectrum = 5.281547151250519e-06  n/decay
100 0.0
200 0.0
300 0.0
400 0.0
500 0.0
600 0.0
700 0.0
800 0.0
900 0.0
1000 0.0
1100 0.0
1200 0.0
1300 0.0
1400 0.0
1500 0.0
1600 0.0
1700 0.0
1800 0.0
1900 0.0
2000 0.0
2100 0.0
2200 0.0
2300 0.0
2400 0.0
2500 0.0
2600 0.0
2700 0.0
2800 0.0
2900 0.0
3000 0.0
3100 0.0
3200 0.0
3300 0.0
3400 0.0
3500 0.0
3600 0.0
3700 0.0
3800 0.0
3900 0.0
4000 0.0
4100 0.0
4200 0.0
4300 0.0
4400 0.0
4500 0.0
4600 0.0
4700 1.1010482434950656e-12
4800 3.073176300884082e-11
4900 9.39877780211475e-11
5000 1.984135730320156e-10
5100 3.367156594355688e-10
5200 5.072770979554052e-10
5300 7.007883789284243e-10
5400 8.854785269623931e-10
5500 1.1006836767189298e-09
5600 1.321451658652327e-09
5700 1.526521630010483e-09
5800 1.619481927906464e-09
5900 1.7365926988620507e-09
6000 1.8486589487407596e-09
6100 1.957614172238137e-09
6200 2.007091574829979e-09
6300 2.0277659273444245e-09
6400 2.049624353309687e-09
6500 2.0482730329173697e-09
6600 2.0000061530791683e-09
6700 1.9540917164077023e-09
6800 1.914329897409794e-09
6900 1.8674288426845814e-09
7000 1.827156971878665e-09
7100 1.7795485074914492e-09
7200 1.7162996846793588e-09
7300 1.6589664453012125e-09
7400 1.568970366547221e-09
7500 1.4899675945810704e-09
7600 1.368401453796054e-09
7700 1.2348431189817701e-09
7800 1.137898901370105e-09
7900 1.0296349239187027e-09
8000 9.37903254037602e-10
8100 8.348485281942453e-10
8200 7.461079076860067e-10
8300 6.430779604340747e-10
8400 5.718873277617233e-10
8500 5.13407669578274e-10
8600 4.628591266533339e-10
8700 4.109617396414032e-10
8800 3.487878918729083e-10
8900 3.152843444944434e-10
9000 2.9386625009749015e-10
9100 2.7684983534716674e-10
9200 2.5660455365381494e-10
9300 2.404301211270546e-10
9400 2.2094115172322863e-10
9500 2.0502810060493962e-10
9600 1.8559992526812223e-10
9700 1.6951516554989671e-10
9800 1.4980986126644735e-10
9900 1.3309238505786752e-10
10000 1.1242670583686546e-10
10100 9.405052007264814e-11
10200 7.413382377050824e-11
10300 4.875844031628896e-11
10400 2.344091721409844e-11
10500 0.0
10600 0.0
10700 0.0
10800 0.0
10900 0.0
11000 0.0
11100 0.0
11200 0.0
11300 0.0
11400 0.0
11500 0.0
11600 0.0
11700 0.0
11800 0.0
11900 0.0
12000 0.0
12100 0.0
12200 0.0
12300 0.0
12400 0.0
12500 0.0
12600 0.0
12700 0.0
12800 0.0
12900 0.0
13000 0.0
13100 0.0
13200 0.0
13300 0.0
13400 0.0
13500 0.0
13600 0.0
13700 0.0
13800 0.0
13900 0.0
14000 0.0
14100 0.0
14200 0.0
14300 0.0
14400 0.0
14500 0.0
14600 0.0
14700 0.0
14800 0.0
14900 0.0
15000 0.0
