
# Total neutron yield = 0.0  n/decay
	 be9 0.0
# Integral of spectrum = 0.00011890829250117304  n/decay
100 0.0
200 0.0
300 0.0
400 0.0
500 0.0
600 0.0
700 0.0
800 0.0
900 0.0
1000 0.0
1100 0.0
1200 0.0
1300 0.0
1400 0.0
1500 0.0
1600 0.0
1700 0.0
1800 0.0
1900 0.0
2000 0.0
2100 0.0
2200 0.0
2300 0.0
2400 0.0
2500 0.0
2600 0.0
2700 0.0
2800 0.0
2900 0.0
3000 0.0
3100 0.0
3200 0.0
3300 0.0
3400 0.0
3500 0.0
3600 0.0
3700 0.0
3800 0.0
3900 0.0
4000 0.0
4100 0.0
4200 0.0
4300 0.0
4400 0.0
4500 0.0
4600 0.0
4700 0.0
4800 0.0
4900 0.0
5000 0.0
5100 7.458830247620359e-12
5200 4.4933449668892934e-11
5300 3.392362045477476e-10
5400 1.6990447300591677e-09
5500 4.450343952083366e-09
5600 8.560541183235669e-09
5700 1.276191824366188e-08
5800 1.4506003352634368e-08
5900 1.5284321266541667e-08
6000 1.6011382913411743e-08
6100 1.861770244399566e-08
6200 2.56212319750559e-08
6300 3.2715790591277575e-08
6400 3.736382516854826e-08
6500 3.9101115291462046e-08
6600 3.8498588553218977e-08
6700 3.661414639478151e-08
6800 3.4598619133328953e-08
6900 3.392664224068241e-08
7000 3.414751833182392e-08
7100 3.45796830950602e-08
7200 3.4862551622672295e-08
7300 3.4943887438060915e-08
7400 3.479786449359262e-08
7500 3.44263669020573e-08
7600 3.378722566377214e-08
7700 3.303438394789857e-08
7800 3.202055688564952e-08
7900 3.062820674419777e-08
8000 2.891195117008452e-08
8100 2.6807609809629873e-08
8200 2.4521544839847292e-08
8300 2.224764264603283e-08
8400 2.0442901545600386e-08
8500 1.8971401860707156e-08
8600 1.771691630349569e-08
8700 1.6742145291545232e-08
8800 1.6043431709487736e-08
8900 1.5637496523342306e-08
9000 1.5580002953420777e-08
9100 1.572609863161582e-08
9200 1.604864645184885e-08
9300 1.6365355241772947e-08
9400 1.6703132306039598e-08
9500 1.656094423840105e-08
9600 1.602030045847125e-08
9700 1.5323950808802707e-08
9800 1.4802350171917609e-08
9900 1.3837207335619853e-08
10000 1.2848581542249966e-08
10100 1.1932459256520612e-08
10200 1.0827080160414887e-08
10300 9.854139786684204e-09
10400 8.756068304831209e-09
10500 7.6848880230574e-09
10600 6.81113027373102e-09
10700 5.95905791316279e-09
10800 5.090549834880075e-09
10900 4.274249407781924e-09
11000 3.5257194235482396e-09
11100 3.0020317252190345e-09
11200 2.5988326855769263e-09
11300 2.3554680553732058e-09
11400 2.140367822426732e-09
11500 1.9194932792869944e-09
11600 1.7205255980412544e-09
11700 1.5118272777848573e-09
11800 1.3293564997835808e-09
11900 1.2133348108110948e-09
12000 1.10626415988244e-09
12100 9.931102299146338e-10
12200 8.890139231367936e-10
12300 8.350639935609723e-10
12400 7.936438880873128e-10
12500 7.533721253473983e-10
12600 7.097670878795681e-10
12700 6.676156705968824e-10
12800 6.26103716442926e-10
12900 5.807341490257039e-10
13000 5.314918032891237e-10
13100 4.722448311626253e-10
13200 4.064120749818066e-10
13300 3.4044410857654373e-10
13400 2.8487669750417817e-10
13500 2.349141005591615e-10
13600 1.9164479317752334e-10
13700 1.473927439086803e-10
13800 1.0528891867363446e-10
13900 6.618482165902596e-11
14000 3.00581522854285e-11
14100 0.0
14200 0.0
14300 0.0
14400 0.0
14500 0.0
14600 0.0
14700 0.0
14800 0.0
14900 0.0
15000 0.0
