
# Total neutron yield = 0.0  n/decay
	 o16 0.0
	 o17 0.0
	 o18 0.0
# Integral of spectrum = 1.6522243716557163e-09  n/decay
100 0.0
200 0.0
300 0.0
400 0.0
500 0.0
600 0.0
700 0.0
800 0.0
900 0.0
1000 0.0
1100 0.0
1200 0.0
1300 0.0
1400 0.0
1500 0.0
1600 0.0
1700 0.0
1800 0.0
1900 0.0
2000 0.0
2100 0.0
2200 0.0
2300 0.0
2400 0.0
2500 0.0
2600 0.0
2700 0.0
2800 0.0
2900 0.0
3000 0.0
3100 0.0
3200 0.0
3300 0.0
3400 0.0
3500 0.0
3600 0.0
3700 0.0
3800 0.0
3900 0.0
4000 0.0
4100 0.0
4200 0.0
4300 0.0
4400 0.0
4500 0.0
4600 0.0
4700 0.0
4800 0.0
4900 0.0
5000 0.0
5100 0.0
5200 0.0
5300 0.0
5400 0.0
5500 0.0
5600 0.0
5700 1.8039271348255434e-17
5800 1.5361569213529913e-16
5900 3.95032661952132e-16
6000 2.0337137738019165e-15
6100 2.119161945838229e-15
6200 2.7998990018045175e-15
6300 4.508593054719732e-15
6400 9.899092273145644e-15
6500 1.2567231571027637e-14
6600 1.4460962755836628e-14
6700 2.07732899299603e-14
6800 2.7404927657011777e-14
6900 5.74712059165386e-14
7000 7.530246185918571e-14
7100 9.205336349078868e-14
7200 1.2098332857160625e-13
7300 1.7467309780851916e-13
7400 2.2005966306158817e-13
7500 2.819507772484779e-13
7600 3.249470445015966e-13
7700 3.5518802785320654e-13
7800 3.8541465025522554e-13
7900 4.165241444573351e-13
8000 4.4135976080712344e-13
8100 4.723130452957042e-13
8200 5.043729074279433e-13
8300 5.372740403477023e-13
8400 5.663447939473161e-13
8500 5.90373307348885e-13
8600 6.057508703351428e-13
8700 6.123549899447815e-13
8800 6.057266009685726e-13
8900 6.03436060033514e-13
9000 6.063956067540713e-13
9100 5.947860340883092e-13
9200 5.767361017553454e-13
9300 5.505657901998481e-13
9400 5.208443353468516e-13
9500 4.860125175230812e-13
9600 4.57276275648013e-13
9700 4.2231851819137557e-13
9800 3.897607090846421e-13
9900 3.591359421603272e-13
10000 3.3691617202188984e-13
10100 3.204075982477449e-13
10200 3.0445328865028987e-13
10300 2.823674245608371e-13
10400 2.6062207666939865e-13
10500 2.4465107665323717e-13
10600 2.2911861182107676e-13
10700 2.078110184298109e-13
10800 1.8893706044840583e-13
10900 1.7094045169447548e-13
11000 1.5109633528898024e-13
11100 1.325795861182003e-13
11200 1.1248070738904101e-13
11300 9.567361798283188e-14
11400 8.120170958043345e-14
11500 6.92369764950897e-14
11600 5.80832998281119e-14
11700 4.7544795851178935e-14
11800 3.8489146067736366e-14
11900 2.92243049422264e-14
12000 2.1407632785621433e-14
12100 1.4370452319017676e-14
12200 8.259649765560366e-15
12300 5.011751304324109e-15
12400 2.7831514319649133e-15
12500 1.8055334206425818e-15
12600 1.0554604014074104e-15
12700 5.900815390397863e-16
12800 2.631272536135371e-16
12900 2.2081230479041596e-17
13000 1.5237646628839448e-21
13100 1.1623764172309326e-21
13200 8.667945927879964e-22
13300 5.737013939115787e-22
13400 3.3183708949491674e-22
13500 8.481526735644117e-23
13600 0.0
13700 0.0
13800 0.0
13900 0.0
14000 0.0
14100 0.0
14200 0.0
14300 0.0
14400 0.0
14500 0.0
14600 0.0
14700 0.0
14800 0.0
14900 0.0
15000 0.0
