
# Total neutron yield = 0.0  n/decay
	 o16 0.0
	 o17 0.0
	 o18 0.0
# Integral of spectrum = 4.050345028856195e-08  n/decay
100 0.0
200 0.0
300 0.0
400 0.0
500 0.0
600 0.0
700 0.0
800 0.0
900 0.0
1000 0.0
1100 0.0
1200 0.0
1300 0.0
1400 0.0
1500 0.0
1600 0.0
1700 0.0
1800 0.0
1900 0.0
2000 0.0
2100 0.0
2200 0.0
2300 0.0
2400 0.0
2500 0.0
2600 0.0
2700 0.0
2800 0.0
2900 0.0
3000 0.0
3100 0.0
3200 0.0
3300 0.0
3400 0.0
3500 0.0
3600 0.0
3700 0.0
3800 0.0
3900 0.0
4000 0.0
4100 0.0
4200 0.0
4300 0.0
4400 1.834844370277939e-19
4500 5.255738189415765e-16
4600 2.3302593876973302e-15
4700 2.1227621970341323e-14
4800 5.687233052184531e-14
4900 1.8279827412236799e-13
5000 2.936404613556383e-13
5100 3.980110662162924e-13
5200 5.595303689888671e-13
5300 6.298863761363743e-13
5400 1.174027275834354e-12
5500 2.0297984996152625e-12
5600 2.2406626834959674e-12
5700 2.8560635617573634e-12
5800 3.962672647966719e-12
5900 5.392709955208003e-12
6000 6.523538543741274e-12
6100 7.936007253773355e-12
6200 8.663641175171063e-12
6300 8.970205598879795e-12
6400 9.706134305782058e-12
6500 1.0366834631422265e-11
6600 1.1176048164247774e-11
6700 1.1836215007327832e-11
6800 1.26358033939751e-11
6900 1.353348192571676e-11
7000 1.4271245642696494e-11
7100 1.4455575131330743e-11
7200 1.455421510151889e-11
7300 1.4814093611204865e-11
7400 1.5035288607823838e-11
7500 1.514945667900485e-11
7600 1.491355087674259e-11
7700 1.4296180981358373e-11
7800 1.346004203165219e-11
7900 1.2684073478075164e-11
8000 1.2008113161762628e-11
8100 1.096086093153645e-11
8200 1.0187420498073545e-11
8300 9.691640745831452e-12
8400 9.157380761096837e-12
8500 8.826574624153514e-12
8600 8.276400811096004e-12
8700 7.782957810124217e-12
8800 7.339642316784754e-12
8900 6.969186112552649e-12
9000 6.425836594419195e-12
9100 6.023169022535761e-12
9200 5.5149164046155305e-12
9300 4.9658011592101056e-12
9400 4.454153048430629e-12
9500 3.8648165814702675e-12
9600 3.3521592469333475e-12
9700 2.879722328565396e-12
9800 2.5184789150051276e-12
9900 2.127028698586819e-12
10000 1.819847859647425e-12
10100 1.4902194960989155e-12
10200 1.19952040597873e-12
10300 8.884090803817473e-13
10400 6.233254570097733e-13
10500 3.638243436076356e-13
10600 2.303568057327876e-13
10700 1.2629143996812513e-13
10800 8.47825777296396e-14
10900 5.139809686865655e-14
11000 3.0060050611931544e-14
11100 1.4643237686927652e-14
11200 3.1747473297675963e-15
11300 7.452871158630776e-20
11400 5.8336624382518e-20
11500 4.3604519457198005e-20
11600 3.129367202730576e-20
11700 1.8289400557184123e-20
11800 6.804424614876113e-21
11900 0.0
12000 0.0
12100 0.0
12200 0.0
12300 0.0
12400 0.0
12500 0.0
12600 0.0
12700 0.0
12800 0.0
12900 0.0
13000 0.0
13100 0.0
13200 0.0
13300 0.0
13400 0.0
13500 0.0
13600 0.0
13700 0.0
13800 0.0
13900 0.0
14000 0.0
14100 0.0
14200 0.0
14300 0.0
14400 0.0
14500 0.0
14600 0.0
14700 0.0
14800 0.0
14900 0.0
15000 0.0
