
# Total neutron yield = 0.0  n/decay
	 o16 0.0
	 o17 0.0
	 o18 0.0
# Integral of spectrum = 4.654032344192926e-08  n/decay
100 0.0
200 0.0
300 0.0
400 0.0
500 0.0
600 0.0
700 0.0
800 0.0
900 0.0
1000 0.0
1100 0.0
1200 0.0
1300 0.0
1400 0.0
1500 0.0
1600 0.0
1700 0.0
1800 0.0
1900 0.0
2000 0.0
2100 0.0
2200 0.0
2300 0.0
2400 0.0
2500 0.0
2600 0.0
2700 0.0
2800 0.0
2900 0.0
3000 0.0
3100 0.0
3200 0.0
3300 0.0
3400 0.0
3500 0.0
3600 0.0
3700 0.0
3800 0.0
3900 0.0
4000 0.0
4100 1.3156093597496322e-14
4200 1.0644139519045978e-13
4300 2.995943266252926e-13
4400 5.995460833024525e-13
4500 1.1792459819185495e-12
4600 2.3666086367608606e-12
4700 3.817934371044265e-12
4800 6.278852467171553e-12
4900 8.026389705057966e-12
5000 1.0782131784477003e-11
5100 1.4367248107588367e-11
5200 1.7125995987997052e-11
5300 1.996482884398774e-11
5400 2.1563276339975454e-11
5500 2.249654242435524e-11
5600 2.3216389078401905e-11
5700 2.3603250072187257e-11
5800 2.3768295761385035e-11
5900 2.367153315905067e-11
6000 2.332057750789113e-11
6100 2.2883783314585426e-11
6200 2.199429199378395e-11
6300 2.102445677077462e-11
6400 1.9826973167913614e-11
6500 1.8284988810419285e-11
6600 1.712893300593932e-11
6700 1.5691587891324716e-11
6800 1.3957170265314995e-11
6900 1.2039307767843062e-11
7000 9.991078315806292e-12
7100 8.564217179613415e-12
7200 6.794410522025359e-12
7300 5.535832692391669e-12
7400 4.6766724659145974e-12
7500 3.709498128247323e-12
7600 3.1905470506886556e-12
7700 2.530790432392798e-12
7800 2.0656676691161584e-12
7900 1.6655601239131036e-12
8000 1.3605524412915076e-12
8100 1.122954327155838e-12
8200 9.431618339642644e-13
8300 7.936177532341685e-13
8400 6.654099307736011e-13
8500 5.316662786400816e-13
8600 4.367977753670395e-13
8700 3.531555022500161e-13
8800 2.8735299521507333e-13
8900 2.2359011915057383e-13
9000 1.6832306124251948e-13
9100 1.1855625330304612e-13
9200 8.773612186047702e-14
9300 6.43712548128193e-14
9400 5.041412693514665e-14
9500 3.625130313160148e-14
9600 2.416236491692052e-14
9700 1.1536235078548236e-14
9800 1.8711859089304567e-17
9900 1.088115220728162e-19
10000 8.608626420214157e-20
10100 6.394249836775874e-20
10200 4.468938250045443e-20
10300 2.4109540333937558e-20
10400 5.4968828852231595e-21
10500 0.0
10600 0.0
10700 0.0
10800 0.0
10900 0.0
11000 0.0
11100 0.0
11200 0.0
11300 0.0
11400 0.0
11500 0.0
11600 0.0
11700 0.0
11800 0.0
11900 0.0
12000 0.0
12100 0.0
12200 0.0
12300 0.0
12400 0.0
12500 0.0
12600 0.0
12700 0.0
12800 0.0
12900 0.0
13000 0.0
13100 0.0
13200 0.0
13300 0.0
13400 0.0
13500 0.0
13600 0.0
13700 0.0
13800 0.0
13900 0.0
14000 0.0
14100 0.0
14200 0.0
14300 0.0
14400 0.0
14500 0.0
14600 0.0
14700 0.0
14800 0.0
14900 0.0
15000 0.0
