
# Total neutron yield = 0.0  n/decay
	 o16 0.0
	 o17 0.0
	 o18 0.0
# Integral of spectrum = 1.4772780836904892e-07  n/decay
100 0.0
200 0.0
300 0.0
400 0.0
500 0.0
600 0.0
700 0.0
800 0.0
900 0.0
1000 0.0
1100 0.0
1200 0.0
1300 0.0
1400 0.0
1500 0.0
1600 0.0
1700 0.0
1800 0.0
1900 0.0
2000 0.0
2100 0.0
2200 0.0
2300 0.0
2400 0.0
2500 0.0
2600 0.0
2700 0.0
2800 0.0
2900 0.0
3000 0.0
3100 0.0
3200 0.0
3300 0.0
3400 0.0
3500 0.0
3600 0.0
3700 0.0
3800 0.0
3900 0.0
4000 0.0
4100 0.0
4200 0.0
4300 0.0
4400 1.834844370277939e-19
4500 1.5307106363178374e-15
4600 7.742951372656518e-15
4700 3.4277225914223974e-14
4800 8.053195188454506e-14
4900 2.1884336170181267e-13
5000 3.461195137883763e-13
5100 5.148030971998925e-13
5200 2.1004766476166508e-12
5300 3.2164044833689716e-12
5400 4.994313779681499e-12
5500 6.555002877914759e-12
5600 8.661801608270763e-12
5700 1.168537403957256e-11
5800 1.5293594013594668e-11
5900 2.1487920655422455e-11
6000 2.856438816296456e-11
6100 3.3273792372389077e-11
6200 3.8499895942769785e-11
6300 4.654785693532876e-11
6400 5.201173627450348e-11
6500 5.823335368866111e-11
6600 6.057874904647909e-11
6700 6.264064225903586e-11
6800 6.35625963463315e-11
6900 6.46586003527001e-11
7000 6.436490435787906e-11
7100 6.418857999644781e-11
7200 6.322644469795454e-11
7300 6.178692211406612e-11
7400 5.997247199909445e-11
7500 5.886384178664984e-11
7600 5.598770104967846e-11
7700 5.213325818660092e-11
7800 4.8765899663199166e-11
7900 4.388043476700228e-11
8000 4.041254224972826e-11
8100 3.7264435585035124e-11
8200 3.365127984806109e-11
8300 2.940276183055727e-11
8400 2.4776630592419863e-11
8500 2.2117401007200455e-11
8600 1.839901668430906e-11
8700 1.5348207704588096e-11
8800 1.3725568781014567e-11
8900 1.1993903590451135e-11
9000 1.067568424168027e-11
9100 9.511132607925055e-12
9200 8.404109002104105e-12
9300 7.392234920628253e-12
9400 6.444629833829995e-12
9500 5.535538398037036e-12
9600 4.77381013609127e-12
9700 4.078603633466348e-12
9800 3.5473544290799867e-12
9900 2.965630419364271e-12
10000 2.508197100709268e-12
10100 2.0466962338546663e-12
10200 1.6549256069660476e-12
10300 1.2471332865107813e-12
10400 9.003682560680003e-13
10500 5.552934748368783e-13
10600 3.7424848496540166e-13
10700 2.295994860121357e-13
10800 1.6560614968755914e-13
10900 1.1308883784691606e-13
11000 7.203293921019512e-14
11100 3.972325123083544e-14
11200 9.887215962410359e-15
11300 2.4222557295859577e-19
11400 1.892879135035002e-19
11500 1.4579777924827236e-19
11600 1.0362168230276498e-19
11700 6.442867204462186e-20
11800 2.4534784554923108e-20
11900 0.0
12000 0.0
12100 0.0
12200 0.0
12300 0.0
12400 0.0
12500 0.0
12600 0.0
12700 0.0
12800 0.0
12900 0.0
13000 0.0
13100 0.0
13200 0.0
13300 0.0
13400 0.0
13500 0.0
13600 0.0
13700 0.0
13800 0.0
13900 0.0
14000 0.0
14100 0.0
14200 0.0
14300 0.0
14400 0.0
14500 0.0
14600 0.0
14700 0.0
14800 0.0
14900 0.0
15000 0.0
