
# Total neutron yield = 0.0  n/decay
	 o16 0.0
	 o17 0.0
	 o18 0.0
# Integral of spectrum = 1.2258808135037072e-07  n/decay
100 0.0
200 0.0
300 0.0
400 0.0
500 0.0
600 0.0
700 0.0
800 0.0
900 0.0
1000 0.0
1100 0.0
1200 0.0
1300 0.0
1400 0.0
1500 0.0
1600 0.0
1700 0.0
1800 0.0
1900 0.0
2000 0.0
2100 0.0
2200 0.0
2300 0.0
2400 0.0
2500 0.0
2600 0.0
2700 0.0
2800 0.0
2900 0.0
3000 0.0
3100 0.0
3200 0.0
3300 0.0
3400 0.0
3500 0.0
3600 0.0
3700 0.0
3800 0.0
3900 0.0
4000 0.0
4100 0.0
4200 0.0
4300 0.0
4400 0.0
4500 0.0
4600 1.8144320952423458e-15
4700 7.772162092952172e-15
4800 1.857113437171787e-14
4900 3.376642408160836e-14
5000 5.2349512791390856e-14
5100 7.472891441670948e-14
5200 1.0051894167204666e-13
5300 1.2959436758072197e-13
5400 1.930136186976231e-13
5500 1.516726008248604e-12
5600 3.2829744554389907e-12
5700 4.53244026071677e-12
5800 6.494829234838191e-12
5900 8.720127859204499e-12
6000 1.205895512847007e-11
6100 1.4662768018064958e-11
6200 2.04383577597343e-11
6300 2.7359716215355378e-11
6400 3.2043053910799756e-11
6500 3.6959387067415293e-11
6600 4.4557989148457344e-11
6700 5.009614332630673e-11
6800 5.596679377981741e-11
6900 5.7420414170253804e-11
7000 5.748453339559283e-11
7100 5.707001484731327e-11
7200 5.580395057353318e-11
7300 5.4108467762630354e-11
7400 5.28466522246975e-11
7500 5.181678134671426e-11
7600 4.9789440812618075e-11
7700 4.775950538578675e-11
7800 4.607468848523896e-11
7900 4.443029718157596e-11
8000 4.085545621054245e-11
8100 3.8353472200442706e-11
8200 3.50823587555749e-11
8300 3.100259592806818e-11
8400 2.9659547313528634e-11
8500 2.6861221185546937e-11
8600 2.3607375342316046e-11
8700 1.9862994846010755e-11
8800 1.5601116205835996e-11
8900 1.3260897941434284e-11
9000 9.859906281672863e-12
9100 7.848983421900778e-12
9200 6.49375408456407e-12
9300 5.106642177217058e-12
9400 4.515898635780142e-12
9500 3.686794650455715e-12
9600 3.151008333682074e-12
9700 2.66976161844953e-12
9800 2.2228001439971417e-12
9900 1.9058805969482604e-12
10000 1.6309132137394516e-12
10100 1.4476333593839839e-12
10200 1.2674231576120747e-12
10300 1.0579399004409864e-12
10400 9.03433865044715e-13
10500 7.670001181059578e-13
10600 6.591602971569736e-13
10700 5.442010738184002e-13
10800 4.4273738381062235e-13
10900 3.4759208200972033e-13
11000 2.821003784754298e-13
11100 2.2909551610320217e-13
11200 1.9027555852728352e-13
11300 1.552518344751801e-13
11400 1.207889536789778e-13
11500 9.072011525862009e-14
11600 5.811528613336359e-14
11700 4.7544952324373776e-14
11800 3.8489269851276086e-14
11900 2.9224402633092807e-14
12000 2.140770112682039e-14
12100 1.437049345790583e-14
12200 8.259658821702978e-15
12300 5.011751304324109e-15
12400 2.7831514319649133e-15
12500 1.8055334206425818e-15
12600 1.0554604014074104e-15
12700 5.900815390397863e-16
12800 2.631272536135371e-16
12900 2.2081230479041596e-17
13000 1.5237646628839448e-21
13100 1.1623764172309326e-21
13200 8.667945927879964e-22
13300 5.737013939115787e-22
13400 3.3183708949491674e-22
13500 8.481526735644117e-23
13600 0.0
13700 0.0
13800 0.0
13900 0.0
14000 0.0
14100 0.0
14200 0.0
14300 0.0
14400 0.0
14500 0.0
14600 0.0
14700 0.0
14800 0.0
14900 0.0
15000 0.0
