
# Total neutron yield = 0.0  n/decay
	 o16 0.0
	 o17 0.0
	 o18 0.0
# Integral of spectrum = 9.087781822811365e-10  n/decay
100 0.0
200 0.0
300 0.0
400 0.0
500 0.0
600 0.0
700 0.0
800 0.0
900 0.0
1000 0.0
1100 0.0
1200 0.0
1300 0.0
1400 0.0
1500 0.0
1600 0.0
1700 0.0
1800 0.0
1900 0.0
2000 0.0
2100 0.0
2200 0.0
2300 0.0
2400 0.0
2500 0.0
2600 0.0
2700 0.0
2800 0.0
2900 0.0
3000 0.0
3100 0.0
3200 0.0
3300 0.0
3400 0.0
3500 0.0
3600 0.0
3700 0.0
3800 0.0
3900 0.0
4000 0.0
4100 0.0
4200 0.0
4300 0.0
4400 0.0
4500 0.0
4600 0.0
4700 0.0
4800 0.0
4900 0.0
5000 0.0
5100 0.0
5200 0.0
5300 0.0
5400 0.0
5500 0.0
5600 0.0
5700 1.0295819150073618e-17
5800 8.767534754065222e-17
5900 2.254628120677752e-16
6000 1.1607314294378756e-15
6100 1.2095005237658087e-15
6200 1.5980276145598764e-15
6300 2.5732557494436455e-15
6400 5.649854798822307e-15
6500 7.172681256048029e-15
6600 8.25351835978913e-15
6700 1.1856245861704418e-14
6800 1.5641218180618525e-14
6900 3.280138820632278e-14
7000 4.297848365879093e-14
7100 5.253897257600746e-14
7200 6.905059783734854e-14
7300 9.969375096702871e-14
7400 1.2559789413708002e-13
7500 1.6092248796855372e-13
7600 1.8557227718173502e-13
7700 2.0412622172964098e-13
7800 2.2437860726480024e-13
7900 2.445695593533823e-13
8000 2.569910380536316e-13
8100 2.749579239843803e-13
8200 2.944335001608321e-13
8300 3.1437856945568604e-13
8400 3.251687599766968e-13
8500 3.3655382926144686e-13
8600 3.45146747438709e-13
8700 3.4432334229730343e-13
8800 3.360228069508811e-13
8900 3.3127855824363554e-13
9000 3.3064368079735843e-13
9100 3.2406903273481146e-13
9200 3.1486072719020674e-13
9300 3.007222654477701e-13
9400 2.84375711315081e-13
9500 2.652047970981338e-13
9600 2.495230538705415e-13
9700 2.30009549644608e-13
9800 2.1170690383552875e-13
9900 1.943960197522771e-13
10000 1.817346681502724e-13
10100 1.716417273197234e-13
10200 1.6145420623982086e-13
10300 1.471349005563032e-13
10400 1.328413702156084e-13
10500 1.2448312264350322e-13
10600 1.1626022015845316e-13
10700 1.0418276318077998e-13
10800 9.290449769560926e-14
10900 8.218213547027161e-14
11000 7.033574962658877e-14
11100 5.955063487155289e-14
11200 5.131176114052671e-14
11300 4.4047257185323925e-14
11400 3.6510878456023475e-14
11500 2.9934692712648e-14
11600 2.4123734402321392e-14
11700 2.065686972864032e-14
11800 1.762398573085148e-14
11900 1.4423058660460886e-14
12000 1.1637873977254664e-14
12100 9.07080179052729e-15
12200 6.549950781738773e-15
12300 4.735584649055827e-15
12400 3.2869215807850163e-15
12500 2.3111159167921393e-15
12600 1.559877949072512e-15
12700 1.0914635688572126e-15
12800 7.615509514265746e-16
12900 5.202783735675869e-16
13000 3.0637400559549804e-16
13100 1.518063419029219e-16
13200 2.4462636345427207e-17
13300 0.0
13400 0.0
13500 0.0
13600 0.0
13700 0.0
13800 0.0
13900 0.0
14000 0.0
14100 0.0
14200 0.0
14300 0.0
14400 0.0
14500 0.0
14600 0.0
14700 0.0
14800 0.0
14900 0.0
15000 0.0
