
# Total neutron yield = 0.0  n/decay
	 o16 0.0
	 o17 0.0
	 o18 0.0
# Integral of spectrum = 2.20551678809577e-08  n/decay
100 0.0
200 0.0
300 0.0
400 0.0
500 0.0
600 0.0
700 0.0
800 0.0
900 0.0
1000 0.0
1100 0.0
1200 0.0
1300 0.0
1400 0.0
1500 0.0
1600 0.0
1700 0.0
1800 0.0
1900 0.0
2000 0.0
2100 0.0
2200 0.0
2300 0.0
2400 0.0
2500 0.0
2600 0.0
2700 0.0
2800 0.0
2900 0.0
3000 0.0
3100 0.0
3200 0.0
3300 0.0
3400 0.0
3500 0.0
3600 0.0
3700 0.0
3800 0.0
3900 0.0
4000 0.0
4100 0.0
4200 0.0
4300 0.0
4400 1.0472277643708329e-19
4500 2.9996849015519236e-16
4600 1.3299832773352694e-15
4700 1.2115553481815097e-14
4800 3.2459583227720484e-14
4900 1.0433115257127573e-13
5000 1.675937473801684e-13
5100 2.2716272062104215e-13
5200 3.1934901232252137e-13
5300 3.5950433299638417e-13
5400 6.700698867425753e-13
5500 1.1584968073087154e-12
5600 1.2788464301150443e-12
5700 1.6300832414615631e-12
5800 2.2616745514144213e-12
5900 3.0778608157580985e-12
6000 3.723279201365919e-12
6100 4.5296163201152426e-12
6200 4.954620225852824e-12
6300 5.189126022515062e-12
6400 5.699339664447202e-12
6500 6.0786974384172775e-12
6600 6.495913140845747e-12
6700 6.900389448660764e-12
6800 7.388605698743918e-12
6900 7.852708307739323e-12
7000 8.083017723173667e-12
7100 8.171253211744954e-12
7200 8.185901060345842e-12
7300 8.162768978619648e-12
7400 8.155203986493745e-12
7500 8.10743004177056e-12
7600 7.951645681334908e-12
7700 7.640950452774023e-12
7800 7.220782379659752e-12
7900 6.815320888193794e-12
8000 6.454732490484385e-12
8100 5.886590284104736e-12
8200 5.4708277979658695e-12
8300 5.193333433977416e-12
8400 4.8812325989907654e-12
8500 4.6710807938544224e-12
8600 4.3125044821199545e-12
8700 3.98784780692334e-12
8800 3.732116473085256e-12
8900 3.545868685970343e-12
9000 3.247428043650189e-12
9100 3.00305168795869e-12
9200 2.692666199621945e-12
9300 2.3550219747557064e-12
9400 2.0359164965477137e-12
9500 1.774881965564791e-12
9600 1.558163751086506e-12
9700 1.3223869607532733e-12
9800 1.1132836793940912e-12
9900 8.781467548306653e-13
10000 7.806994301897419e-13
10100 6.72553559276119e-13
10200 5.762335850385349e-13
10300 4.689155181591077e-13
10400 3.760746231534919e-13
10500 2.794776597227565e-13
10600 2.068700650133286e-13
10700 1.4650006033138244e-13
10800 1.0540805730864618e-13
10900 7.247327710782039e-14
11000 5.165037120483775e-14
11100 3.686895349497124e-14
11200 2.6206690638586184e-14
11300 1.627061361055871e-14
11400 8.8035865092158e-15
11500 1.8426324721421716e-15
11600 0.0
11700 0.0
11800 0.0
11900 0.0
12000 0.0
12100 0.0
12200 0.0
12300 0.0
12400 0.0
12500 0.0
12600 0.0
12700 0.0
12800 0.0
12900 0.0
13000 0.0
13100 0.0
13200 0.0
13300 0.0
13400 0.0
13500 0.0
13600 0.0
13700 0.0
13800 0.0
13900 0.0
14000 0.0
14100 0.0
14200 0.0
14300 0.0
14400 0.0
14500 0.0
14600 0.0
14700 0.0
14800 0.0
14900 0.0
15000 0.0
