
# Total neutron yield = 0.0  n/decay
	 o16 0.0
	 o17 0.0
	 o18 0.0
# Integral of spectrum = 7.158356900453059e-08  n/decay
100 0.0
200 0.0
300 0.0
400 0.0
500 0.0
600 0.0
700 0.0
800 0.0
900 0.0
1000 0.0
1100 0.0
1200 0.0
1300 0.0
1400 0.0
1500 0.0
1600 0.0
1700 0.0
1800 0.0
1900 0.0
2000 0.0
2100 0.0
2200 0.0
2300 0.0
2400 0.0
2500 0.0
2600 0.0
2700 0.0
2800 0.0
2900 0.0
3000 0.0
3100 0.0
3200 0.0
3300 0.0
3400 0.0
3500 0.0
3600 0.0
3700 0.0
3800 0.0
3900 0.0
4000 0.0
4100 0.0
4200 0.0
4300 0.0
4400 0.0
4500 0.0
4600 1.0355775658594425e-15
4700 4.435920596195918e-15
4800 1.059937717059811e-14
4900 1.927200877337828e-14
5000 2.9878208819490395e-14
5100 4.265113447557166e-14
5200 5.737065675395351e-14
5300 7.396530301698202e-14
5400 1.1016150670654325e-13
5500 8.656633840507601e-13
5600 1.8737403864585762e-12
5700 2.5868664167172852e-12
5800 3.706889592243536e-12
5900 4.976967066497987e-12
6000 6.882585152397937e-12
6100 8.368697650755158e-12
6200 1.166508508887633e-11
6300 1.561541398831933e-11
6400 1.8288408968262904e-11
6500 2.1094883126259058e-11
6600 2.5497064339366434e-11
6700 2.907224500323259e-11
6800 3.303317188112021e-11
6900 3.395104050947861e-11
7000 3.3813043302611674e-11
7100 3.357677787447781e-11
7200 3.2850096812631765e-11
7300 3.186572812188656e-11
7400 3.100512081829898e-11
7500 3.036534306704337e-11
7600 2.919438975105522e-11
7700 2.7951715846759553e-11
7800 2.693498881434668e-11
7900 2.5963586819411166e-11
8000 2.3901533697199034e-11
8100 2.249402860487877e-11
8200 2.0669394513530672e-11
8300 1.8381530386424477e-11
8400 1.764308312911516e-11
8500 1.6079419467338097e-11
8600 1.4248794999095016e-11
8700 1.2089549373100832e-11
8800 9.39498598743867e-12
8900 7.837330998408989e-12
9000 5.582984880584396e-12
9100 4.245410639963488e-12
9200 3.554387118579847e-12
9300 2.8330781809952246e-12
9400 2.485815171153241e-12
9500 1.9818286811514174e-12
9600 1.6533065491861663e-12
9700 1.3570608001589077e-12
9800 1.096118593201414e-12
9900 9.62787064059952e-13
10000 8.389899329453291e-13
10100 7.336044581625268e-13
10200 6.250787619753801e-13
10300 5.11933479752918e-13
10400 4.561190600742759e-13
10500 4.1059991075352283e-13
10600 3.740776099810254e-13
10700 3.3285864541175353e-13
10800 2.9624682313112365e-13
10900 2.569335608384931e-13
11000 2.2341871021412713e-13
11100 1.9209219364092419e-13
11200 1.6714392803749635e-13
11300 1.4399506831876698e-13
11400 1.1909993222955507e-13
11500 9.726039533215614e-14
11600 7.292698621675352e-14
11700 5.261718708088669e-14
11800 3.294996802303518e-14
11900 1.4423058660460886e-14
12000 1.1637873977254664e-14
12100 9.07080179052729e-15
12200 6.549950781738773e-15
12300 4.735584649055827e-15
12400 3.2869215807850163e-15
12500 2.3111159167921393e-15
12600 1.559877949072512e-15
12700 1.0914635688572126e-15
12800 7.615509514265746e-16
12900 5.202783735675869e-16
13000 3.0637400559549804e-16
13100 1.518063419029219e-16
13200 2.4462636345427207e-17
13300 0.0
13400 0.0
13500 0.0
13600 0.0
13700 0.0
13800 0.0
13900 0.0
14000 0.0
14100 0.0
14200 0.0
14300 0.0
14400 0.0
14500 0.0
14600 0.0
14700 0.0
14800 0.0
14900 0.0
15000 0.0
