
# Total neutron yield = 0.0  n/decay
	 o16 0.0
	 o17 0.0
	 o18 0.0
# Integral of spectrum = 8.479343877436756e-08  n/decay
100 0.0
200 0.0
300 0.0
400 0.0
500 0.0
600 0.0
700 0.0
800 0.0
900 0.0
1000 0.0
1100 0.0
1200 0.0
1300 0.0
1400 0.0
1500 0.0
1600 0.0
1700 0.0
1800 0.0
1900 0.0
2000 0.0
2100 0.0
2200 0.0
2300 0.0
2400 0.0
2500 0.0
2600 0.0
2700 0.0
2800 0.0
2900 0.0
3000 0.0
3100 0.0
3200 0.0
3300 0.0
3400 0.0
3500 0.0
3600 0.0
3700 0.0
3800 0.0
3900 0.0
4000 0.0
4100 0.0
4200 0.0
4300 0.0
4400 1.0472277643708329e-19
4500 8.736450368959437e-16
4600 4.419248731373808e-15
4700 1.9563546230108523e-14
4800 4.5963187558897205e-14
4900 1.2490369653948952e-13
5000 1.9754589026796625e-13
5100 2.93821157426098e-13
5200 1.1988359881789457e-12
5300 1.8357459253727267e-12
5400 2.8504782960257506e-12
5500 3.741233382231333e-12
5600 4.943677665849686e-12
5700 6.669365712714293e-12
5800 8.72873826657345e-12
5900 1.226411758592212e-11
6000 1.6302978082354123e-11
6100 1.8991029249038353e-11
6200 2.1984050838518706e-11
6300 2.6724674980229185e-11
6400 3.0322363813368123e-11
6500 3.4388785549084307e-11
6600 3.5713173147920025e-11
6700 3.681246771846558e-11
6800 3.740987541652442e-11
6900 3.8013050813076514e-11
7000 3.76469196608105e-11
7100 3.743611173632554e-11
7200 3.681282216554964e-11
7300 3.58033805993666e-11
7400 3.455243012003418e-11
7500 3.374560476352599e-11
7600 3.203359976199311e-11
7700 2.983765089320266e-11
7800 2.7961581869699694e-11
7900 2.52177591524554e-11
8000 2.326946327910149e-11
8100 2.1505830756895785e-11
8200 1.94818487387314e-11
8300 1.705986698005709e-11
8400 1.4299505580314795e-11
8500 1.2572836108199031e-11
8600 1.0136941101456424e-11
8700 8.138175396457398e-12
8800 7.200486118375016e-12
8900 6.31163391177642e-12
9000 5.59025251897078e-12
9100 4.886174399119684e-12
9200 4.213970703438495e-12
9300 3.5965382995424445e-12
9400 3.0136586119741025e-12
9500 2.6071031782409872e-12
9600 2.2831578197611838e-12
9700 1.93858123996251e-12
9800 1.6344331661112665e-12
9900 1.2913845907138163e-12
10000 1.1418292049916908e-12
10100 9.90839930194456e-13
10200 8.616836679322378e-13
10300 7.215357807399704e-13
10400 6.004626896054462e-13
10500 4.729496240731011e-13
10600 3.7478329653557845e-13
10700 2.925451301435882e-13
10800 2.297261713251863e-13
10900 1.782972110679037e-13
11000 1.3822632378338744e-13
11100 1.0677111390717783e-13
11200 7.764877797103628e-14
11300 5.0823215620210774e-14
11400 2.713218788768001e-14
11500 7.697287772646974e-15
11600 0.0
11700 0.0
11800 0.0
11900 0.0
12000 0.0
12100 0.0
12200 0.0
12300 0.0
12400 0.0
12500 0.0
12600 0.0
12700 0.0
12800 0.0
12900 0.0
13000 0.0
13100 0.0
13200 0.0
13300 0.0
13400 0.0
13500 0.0
13600 0.0
13700 0.0
13800 0.0
13900 0.0
14000 0.0
14100 0.0
14200 0.0
14300 0.0
14400 0.0
14500 0.0
14600 0.0
14700 0.0
14800 0.0
14900 0.0
15000 0.0
