
# Total neutron yield = 0.0  n/decay
	 b10 0.0
	 b11 0.0
# Integral of spectrum = 3.106507456602394e-06  n/decay
100 0.0
200 0.0
300 0.0
400 0.0
500 0.0
600 0.0
700 0.0
800 0.0
900 0.0
1000 0.0
1100 0.0
1200 0.0
1300 0.0
1400 4.5504994425070194e-14
1500 2.3449002723497856e-12
1600 2.254530758484243e-11
1700 3.0204292961331665e-11
1800 3.7471647722600105e-11
1900 5.147766639679624e-11
2000 5.942330331733616e-11
2100 7.36562135926956e-11
2200 1.3091356075060796e-10
2300 2.0241500310073085e-10
2400 2.807230256536269e-10
2500 3.867089698435875e-10
2600 4.984206269701122e-10
2700 6.332778648040445e-10
2800 7.932548668039345e-10
2900 9.283781108462981e-10
3000 1.0253275680389714e-09
3100 1.0712473008111568e-09
3200 1.1059760689175444e-09
3300 1.1421682646926485e-09
3400 1.178577194502644e-09
3500 1.200674612239286e-09
3600 1.2149060825931792e-09
3700 1.2249781477298823e-09
3800 1.2258992106125532e-09
3900 1.2048682315067111e-09
4000 1.166359410137231e-09
4100 1.135043836949329e-09
4200 1.0914621634406416e-09
4300 1.0351094023875145e-09
4400 9.733789188482583e-10
4500 9.099107293141722e-10
4600 8.484619792255241e-10
4700 7.912512490543354e-10
4800 7.310472864853001e-10
4900 6.693983598349886e-10
5000 6.096287475511546e-10
5100 5.497182417354781e-10
5200 4.917046194479929e-10
5300 4.4236911583914576e-10
5400 3.9945498718249633e-10
5500 3.646080384747774e-10
5600 3.355366363143157e-10
5700 3.136229003328431e-10
5800 2.9352318430417604e-10
5900 2.725857049959874e-10
6000 2.5082404568393893e-10
6100 2.2896221504899677e-10
6200 2.0716932519780524e-10
6300 1.8585132836955346e-10
6400 1.6581214570883682e-10
6500 1.4925986913912018e-10
6600 1.3212345926795282e-10
6700 1.1598773047612559e-10
6800 1.0087342254405863e-10
6900 8.592569909057341e-11
7000 7.176199635997238e-11
7100 5.8038395673366124e-11
7200 4.501747842125544e-11
7300 3.548021213977246e-11
7400 2.6769586695918128e-11
7500 2.1579821976943273e-11
7600 1.6133537436924173e-11
7700 1.0841133532036215e-11
7800 5.7384178018681434e-12
7900 8.654791798601728e-13
8000 6.921114303998727e-17
8100 5.493128405739095e-17
8200 4.099860111389059e-17
8300 2.75001318950412e-17
8400 1.4522336827257662e-17
8500 0.0
8600 0.0
8700 0.0
8800 0.0
8900 0.0
9000 0.0
9100 0.0
9200 0.0
9300 0.0
9400 0.0
9500 0.0
9600 0.0
9700 0.0
9800 0.0
9900 0.0
10000 0.0
10100 0.0
10200 0.0
10300 0.0
10400 0.0
10500 0.0
10600 0.0
10700 0.0
10800 0.0
10900 0.0
11000 0.0
11100 0.0
11200 0.0
11300 0.0
11400 0.0
11500 0.0
11600 0.0
11700 0.0
11800 0.0
11900 0.0
12000 0.0
12100 0.0
12200 0.0
12300 0.0
12400 0.0
12500 0.0
12600 0.0
12700 0.0
12800 0.0
12900 0.0
13000 0.0
13100 0.0
13200 0.0
13300 0.0
13400 0.0
13500 0.0
13600 0.0
13700 0.0
13800 0.0
13900 0.0
14000 0.0
14100 0.0
14200 0.0
14300 0.0
14400 0.0
14500 0.0
14600 0.0
14700 0.0
14800 0.0
14900 0.0
15000 0.0
