
# Total neutron yield = 0.0  n/decay
	 na23 0.0
# Integral of spectrum = 1.2710746816656037e-08  n/decay
100 0.0
200 0.0
300 0.0
400 0.0
500 0.0
600 0.0
700 0.0
800 0.0
900 0.0
1000 0.0
1100 0.0
1200 0.0
1300 0.0
1400 0.0
1500 0.0
1600 0.0
1700 0.0
1800 0.0
1900 0.0
2000 0.0
2100 0.0
2200 0.0
2300 0.0
2400 0.0
2500 0.0
2600 0.0
2700 0.0
2800 0.0
2900 0.0
3000 0.0
3100 0.0
3200 0.0
3300 0.0
3400 0.0
3500 0.0
3600 0.0
3700 0.0
3800 0.0
3900 0.0
4000 0.0
4100 0.0
4200 0.0
4300 0.0
4400 0.0
4500 0.0
4600 0.0
4700 0.0
4800 0.0
4900 0.0
5000 0.0
5100 0.0
5200 0.0
5300 0.0
5400 0.0
5500 2.615410968581953e-12
5600 7.481012622307382e-12
5700 7.23264933956686e-12
5800 7.009873386523682e-12
5900 6.810460482560887e-12
6000 6.632415456980666e-12
6100 6.4738354173975425e-12
6200 6.333174349761763e-12
6300 6.208949219091611e-12
6400 6.099827835364717e-12
6500 6.004592312562144e-12
6600 5.9221392250401655e-12
6700 5.851460740202799e-12
6800 5.7916468106517655e-12
6900 5.741863140353335e-12
7000 5.701341045164336e-12
7100 5.6693916426675836e-12
7200 5.6453672780893425e-12
7300 5.6286930901128185e-12
7400 5.6188218067732084e-12
7500 5.011238292696043e-12
7600 1.6227066757907133e-12
7700 1.6424241791297992e-16
7800 1.4336190032160122e-16
7900 1.1935363780755968e-16
8000 8.938983251328097e-17
8100 5.896245701205265e-17
8200 2.1718073466717196e-17
8300 0.0
8400 0.0
8500 0.0
8600 0.0
8700 0.0
8800 0.0
8900 0.0
9000 0.0
9100 0.0
9200 0.0
9300 0.0
9400 0.0
9500 0.0
9600 0.0
9700 0.0
9800 0.0
9900 0.0
10000 0.0
10100 0.0
10200 0.0
10300 0.0
10400 0.0
10500 0.0
10600 0.0
10700 0.0
10800 0.0
10900 0.0
11000 0.0
11100 0.0
11200 0.0
11300 0.0
11400 0.0
11500 0.0
11600 0.0
11700 0.0
11800 0.0
11900 0.0
12000 0.0
12100 0.0
12200 0.0
12300 0.0
12400 0.0
12500 0.0
12600 0.0
12700 0.0
12800 0.0
12900 0.0
13000 0.0
13100 0.0
13200 0.0
13300 0.0
13400 0.0
13500 0.0
13600 0.0
13700 0.0
13800 0.0
13900 0.0
14000 0.0
14100 0.0
14200 0.0
14300 0.0
14400 0.0
14500 0.0
14600 0.0
14700 0.0
14800 0.0
14900 0.0
15000 0.0
