
# Total neutron yield = 0.0  n/decay
	 na23 0.0
# Integral of spectrum = 1.1081270492599213e-07  n/decay
100 0.0
200 0.0
300 0.0
400 0.0
500 0.0
600 0.0
700 0.0
800 0.0
900 0.0
1000 0.0
1100 0.0
1200 0.0
1300 0.0
1400 0.0
1500 0.0
1600 0.0
1700 0.0
1800 0.0
1900 0.0
2000 0.0
2100 0.0
2200 0.0
2300 0.0
2400 0.0
2500 0.0
2600 0.0
2700 0.0
2800 0.0
2900 0.0
3000 0.0
3100 0.0
3200 0.0
3300 0.0
3400 0.0
3500 0.0
3600 0.0
3700 0.0
3800 0.0
3900 0.0
4000 0.0
4100 0.0
4200 0.0
4300 0.0
4400 0.0
4500 0.0
4600 0.0
4700 0.0
4800 0.0
4900 0.0
5000 0.0
5100 0.0
5200 0.0
5300 0.0
5400 0.0
5500 1.3827726449558927e-12
5600 9.278801330703898e-12
5700 2.3621970947686738e-11
5800 3.9911458133470926e-11
5900 5.949234440631883e-11
6000 6.283221228301616e-11
6100 6.012144899812354e-11
6200 5.779480640242594e-11
6300 5.581262390948121e-11
6400 5.414081729838269e-11
6500 5.27498586926598e-11
6600 5.161418785451098e-11
6700 5.07113631171651e-11
6800 5.002168683196525e-11
6900 4.9527747221385567e-11
7000 4.921418754784574e-11
7100 4.906741804847487e-11
7200 4.907543151175356e-11
7300 4.9227600051910545e-11
7400 4.9514660525660904e-11
7500 4.7765958612861075e-11
7600 4.344268993941209e-11
7700 3.7100111958209174e-11
7800 2.7992527488832248e-11
7900 1.8612695564436655e-11
8000 8.092285709914717e-12
8100 6.932663237244723e-15
8200 1.4896007920614395e-16
8300 1.1835881539519233e-16
8400 9.040843148456248e-17
8500 6.196908086182422e-17
8600 2.9868712864623784e-17
8700 0.0
8800 0.0
8900 0.0
9000 0.0
9100 0.0
9200 0.0
9300 0.0
9400 0.0
9500 0.0
9600 0.0
9700 0.0
9800 0.0
9900 0.0
10000 0.0
10100 0.0
10200 0.0
10300 0.0
10400 0.0
10500 0.0
10600 0.0
10700 0.0
10800 0.0
10900 0.0
11000 0.0
11100 0.0
11200 0.0
11300 0.0
11400 0.0
11500 0.0
11600 0.0
11700 0.0
11800 0.0
11900 0.0
12000 0.0
12100 0.0
12200 0.0
12300 0.0
12400 0.0
12500 0.0
12600 0.0
12700 0.0
12800 0.0
12900 0.0
13000 0.0
13100 0.0
13200 0.0
13300 0.0
13400 0.0
13500 0.0
13600 0.0
13700 0.0
13800 0.0
13900 0.0
14000 0.0
14100 0.0
14200 0.0
14300 0.0
14400 0.0
14500 0.0
14600 0.0
14700 0.0
14800 0.0
14900 0.0
15000 0.0
