
# Total neutron yield = 0.0  n/decay
	 na23 0.0
# Integral of spectrum = 1.418702067040043e-05  n/decay
100 0.0
200 0.0
300 0.0
400 0.0
500 0.0
600 0.0
700 0.0
800 0.0
900 0.0
1000 0.0
1100 0.0
1200 0.0
1300 0.0
1400 0.0
1500 0.0
1600 0.0
1700 0.0
1800 0.0
1900 0.0
2000 0.0
2100 0.0
2200 0.0
2300 0.0
2400 0.0
2500 0.0
2600 0.0
2700 0.0
2800 0.0
2900 0.0
3000 0.0
3100 0.0
3200 0.0
3300 0.0
3400 0.0
3500 0.0
3600 0.0
3700 0.0
3800 0.0
3900 0.0
4000 0.0
4100 0.0
4200 0.0
4300 0.0
4400 0.0
4500 0.0
4600 0.0
4700 0.0
4800 0.0
4900 0.0
5000 0.0
5100 0.0
5200 0.0
5300 0.0
5400 0.0
5500 0.0
5600 0.0
5700 1.250205462629858e-11
5800 1.1478790071416043e-10
5900 3.229078291827639e-10
6000 6.112115971338235e-10
6100 9.433090332889288e-10
6200 1.3651122158438205e-09
6300 1.8519768966956507e-09
6400 2.3373039733159192e-09
6500 2.8442004668804413e-09
6600 3.344582710333913e-09
6700 3.914841816161099e-09
6800 4.445649797391977e-09
6900 4.9377972815281355e-09
7000 5.337406339437021e-09
7100 5.667021425012711e-09
7200 5.974753980991438e-09
7300 6.18828253644674e-09
7400 6.37537276522204e-09
7500 6.4550804313464905e-09
7600 6.415046623560214e-09
7700 6.273509086547494e-09
7800 6.0915609270685995e-09
7900 5.881493899480748e-09
8000 5.669374323669495e-09
8100 5.317013477166201e-09
8200 4.936731251410653e-09
8300 4.605647915317052e-09
8400 4.271619441333345e-09
8500 3.900381847468231e-09
8600 3.552566890768507e-09
8700 3.1662482305254537e-09
8800 2.828782436858819e-09
8900 2.5288443752831463e-09
9000 2.2443979760316564e-09
9100 1.988112521275399e-09
9200 1.7591557984901649e-09
9300 1.5207168880861916e-09
9400 1.307285465054062e-09
9500 1.0837602571953322e-09
9600 8.851236392368295e-10
9700 6.920892542285871e-10
9800 5.400278759321357e-10
9900 4.133463823577508e-10
10000 3.3213557529894906e-10
10100 2.6401658462457655e-10
10200 1.9505543558202395e-10
10300 1.1718135246277334e-10
10400 4.4835757150886245e-11
10500 4.184289069413767e-14
10600 7.703331877688667e-16
10700 6.235925103766528e-16
10800 4.591857539143081e-16
10900 3.097390886858264e-16
11000 1.5724441952444806e-16
11100 0.0
11200 0.0
11300 0.0
11400 0.0
11500 0.0
11600 0.0
11700 0.0
11800 0.0
11900 0.0
12000 0.0
12100 0.0
12200 0.0
12300 0.0
12400 0.0
12500 0.0
12600 0.0
12700 0.0
12800 0.0
12900 0.0
13000 0.0
13100 0.0
13200 0.0
13300 0.0
13400 0.0
13500 0.0
13600 0.0
13700 0.0
13800 0.0
13900 0.0
14000 0.0
14100 0.0
14200 0.0
14300 0.0
14400 0.0
14500 0.0
14600 0.0
14700 0.0
14800 0.0
14900 0.0
15000 0.0
