
# Total neutron yield = 0.0  n/decay
	 na23 0.0
# Integral of spectrum = 7.383414978758942e-14  n/decay
100 0.0
200 0.0
300 0.0
400 0.0
500 0.0
600 0.0
700 0.0
800 0.0
900 0.0
1000 0.0
1100 0.0
1200 0.0
1300 0.0
1400 0.0
1500 0.0
1600 0.0
1700 0.0
1800 0.0
1900 0.0
2000 0.0
2100 0.0
2200 0.0
2300 0.0
2400 0.0
2500 0.0
2600 0.0
2700 0.0
2800 0.0
2900 0.0
3000 0.0
3100 0.0
3200 0.0
3300 0.0
3400 0.0
3500 0.0
3600 0.0
3700 0.0
3800 0.0
3900 0.0
4000 0.0
4100 0.0
4200 0.0
4300 0.0
4400 0.0
4500 0.0
4600 0.0
4700 0.0
4800 0.0
4900 0.0
5000 0.0
5100 0.0
5200 0.0
5300 0.0
5400 4.3869732514310855e-20
5500 9.605999769126995e-18
5600 3.360076079429954e-17
5700 4.134412551734652e-17
5800 3.990791231645327e-17
5900 3.8628568981777426e-17
6000 3.7491948116041616e-17
6100 3.6485468429364026e-17
6200 3.5597804075579236e-17
6300 3.481882119623603e-17
6400 3.4139370097164535e-17
6500 3.355121910907465e-17
6600 3.304712233478832e-17
6700 3.262023628906265e-17
6800 3.2264566801755846e-17
6900 3.197465328331413e-17
7000 3.1745526783391034e-17
7100 3.157262643481469e-17
7200 3.145196035217829e-17
7300 3.1379715676136694e-17
7400 3.135247752852939e-17
7500 3.125161627698733e-17
7600 2.7495863392695664e-17
7700 1.6969264587261908e-17
7800 0.0
7900 0.0
8000 0.0
8100 0.0
8200 0.0
8300 0.0
8400 0.0
8500 0.0
8600 0.0
8700 0.0
8800 0.0
8900 0.0
9000 0.0
9100 0.0
9200 0.0
9300 0.0
9400 0.0
9500 0.0
9600 0.0
9700 0.0
9800 0.0
9900 0.0
10000 0.0
10100 0.0
10200 0.0
10300 0.0
10400 0.0
10500 0.0
10600 0.0
10700 0.0
10800 0.0
10900 0.0
11000 0.0
11100 0.0
11200 0.0
11300 0.0
11400 0.0
11500 0.0
11600 0.0
11700 0.0
11800 0.0
11900 0.0
12000 0.0
12100 0.0
12200 0.0
12300 0.0
12400 0.0
12500 0.0
12600 0.0
12700 0.0
12800 0.0
12900 0.0
13000 0.0
13100 0.0
13200 0.0
13300 0.0
13400 0.0
13500 0.0
13600 0.0
13700 0.0
13800 0.0
13900 0.0
14000 0.0
14100 0.0
14200 0.0
14300 0.0
14400 0.0
14500 0.0
14600 0.0
14700 0.0
14800 0.0
14900 0.0
15000 0.0
