
# Total neutron yield = 0.0  n/decay
	 na23 0.0
# Integral of spectrum = 7.924092755149892e-08  n/decay
100 0.0
200 0.0
300 0.0
400 0.0
500 0.0
600 0.0
700 0.0
800 0.0
900 0.0
1000 0.0
1100 0.0
1200 0.0
1300 0.0
1400 0.0
1500 0.0
1600 0.0
1700 0.0
1800 0.0
1900 0.0
2000 0.0
2100 0.0
2200 0.0
2300 0.0
2400 0.0
2500 0.0
2600 0.0
2700 0.0
2800 0.0
2900 0.0
3000 0.0
3100 0.0
3200 0.0
3300 0.0
3400 0.0
3500 0.0
3600 0.0
3700 0.0
3800 0.0
3900 0.0
4000 0.0
4100 0.0
4200 0.0
4300 0.0
4400 0.0
4500 0.0
4600 0.0
4700 0.0
4800 0.0
4900 0.0
5000 0.0
5100 0.0
5200 0.0
5300 0.0
5400 0.0
5500 1.905751497522117e-12
5600 1.2905476522282236e-11
5700 2.9372813020881386e-11
5800 4.5961129745830716e-11
5900 4.433467611191552e-11
6000 4.2882328284120796e-11
6100 4.15985012375164e-11
6200 4.046852847766066e-11
6300 3.947911983281501e-11
6400 3.861842596100826e-11
6500 3.787575507888102e-11
6600 3.7241438690938436e-11
6700 3.6706757407620606e-11
6800 3.6263811650786747e-11
6900 3.5905431392171926e-11
7000 3.5625086241042095e-11
7100 3.541691400912197e-11
7200 3.527549432497701e-11
7300 3.5195962400610195e-11
7400 3.517382138591045e-11
7500 3.380092476289449e-11
7600 2.839178328865225e-11
7700 2.0941913423992713e-11
7800 1.105091707295546e-11
7900 1.584750278455623e-14
8000 2.1240262610919302e-16
8100 1.7233926825678283e-16
8200 1.3474296734952106e-16
8300 9.573871834934224e-17
8400 5.0966515810128544e-17
8500 0.0
8600 0.0
8700 0.0
8800 0.0
8900 0.0
9000 0.0
9100 0.0
9200 0.0
9300 0.0
9400 0.0
9500 0.0
9600 0.0
9700 0.0
9800 0.0
9900 0.0
10000 0.0
10100 0.0
10200 0.0
10300 0.0
10400 0.0
10500 0.0
10600 0.0
10700 0.0
10800 0.0
10900 0.0
11000 0.0
11100 0.0
11200 0.0
11300 0.0
11400 0.0
11500 0.0
11600 0.0
11700 0.0
11800 0.0
11900 0.0
12000 0.0
12100 0.0
12200 0.0
12300 0.0
12400 0.0
12500 0.0
12600 0.0
12700 0.0
12800 0.0
12900 0.0
13000 0.0
13100 0.0
13200 0.0
13300 0.0
13400 0.0
13500 0.0
13600 0.0
13700 0.0
13800 0.0
13900 0.0
14000 0.0
14100 0.0
14200 0.0
14300 0.0
14400 0.0
14500 0.0
14600 0.0
14700 0.0
14800 0.0
14900 0.0
15000 0.0
