
# Total neutron yield = 0.0  n/decay
	 na23 0.0
# Integral of spectrum = 3.0232052919359404e-06  n/decay
100 0.0
200 0.0
300 0.0
400 0.0
500 0.0
600 0.0
700 0.0
800 0.0
900 0.0
1000 0.0
1100 0.0
1200 0.0
1300 0.0
1400 0.0
1500 0.0
1600 0.0
1700 0.0
1800 0.0
1900 0.0
2000 0.0
2100 0.0
2200 0.0
2300 0.0
2400 0.0
2500 0.0
2600 0.0
2700 0.0
2800 0.0
2900 0.0
3000 0.0
3100 0.0
3200 0.0
3300 0.0
3400 0.0
3500 0.0
3600 0.0
3700 0.0
3800 0.0
3900 0.0
4000 0.0
4100 0.0
4200 0.0
4300 0.0
4400 0.0
4500 0.0
4600 0.0
4700 0.0
4800 0.0
4900 0.0
5000 0.0
5100 0.0
5200 0.0
5300 0.0
5400 0.0
5500 0.0
5600 0.0
5700 1.8288643300300057e-13
5800 8.682485789775721e-12
5900 3.3407940976672115e-11
6000 7.881681015205206e-11
6100 1.4228650159839664e-10
6200 2.2581457399653857e-10
6300 3.2529386331178855e-10
6400 4.3147521799399494e-10
6500 5.549836409167155e-10
6600 6.720523927744606e-10
6700 7.931807540325648e-10
6800 9.166808897620956e-10
6900 1.033718016159758e-09
7000 1.1493817168667768e-09
7100 1.232134599508614e-09
7200 1.3024730156800378e-09
7300 1.3497449988043324e-09
7400 1.3766125063787791e-09
7500 1.3929440053046768e-09
7600 1.389790263593656e-09
7700 1.3702010868243874e-09
7800 1.3302013641344078e-09
7900 1.2698639800636242e-09
8000 1.2099437792559107e-09
8100 1.14732944990527e-09
8200 1.075510328874073e-09
8300 9.934063547883567e-10
8400 9.151364386765824e-10
8500 8.372323008629039e-10
8600 7.655470069721481e-10
8700 6.890924320457012e-10
8800 6.186933575041344e-10
8900 5.49604479499627e-10
9000 4.798259502610248e-10
9100 4.25300320132367e-10
9200 3.779240586325701e-10
9300 3.2794668261030107e-10
9400 2.8763997300116757e-10
9500 2.4591085518941993e-10
9600 2.0879687986041738e-10
9700 1.7374096060268004e-10
9800 1.367161536447142e-10
9900 1.0503538085625164e-10
10000 8.33787544656761e-11
10100 6.129635391059611e-11
10200 5.028959878452293e-11
10300 3.8213649449817834e-11
10400 2.723706500869914e-11
10500 1.6405051761628427e-11
10600 4.972754918350542e-12
10700 2.7322857088309133e-15
10800 1.0510646372244583e-16
10900 8.217336171574561e-17
11000 6.123727515673093e-17
11100 3.829523857031081e-17
11200 1.77293269851918e-17
11300 0.0
11400 0.0
11500 0.0
11600 0.0
11700 0.0
11800 0.0
11900 0.0
12000 0.0
12100 0.0
12200 0.0
12300 0.0
12400 0.0
12500 0.0
12600 0.0
12700 0.0
12800 0.0
12900 0.0
13000 0.0
13100 0.0
13200 0.0
13300 0.0
13400 0.0
13500 0.0
13600 0.0
13700 0.0
13800 0.0
13900 0.0
14000 0.0
14100 0.0
14200 0.0
14300 0.0
14400 0.0
14500 0.0
14600 0.0
14700 0.0
14800 0.0
14900 0.0
15000 0.0
