
# Total neutron yield = 0.0  n/decay
	 f19 0.0
# Integral of spectrum = 7.299501351598643e-06  n/decay
100 0.0
200 0.0
300 0.0
400 0.0
500 0.0
600 0.0
700 0.0
800 0.0
900 0.0
1000 0.0
1100 0.0
1200 0.0
1300 0.0
1400 0.0
1500 0.0
1600 0.0
1700 0.0
1800 0.0
1900 0.0
2000 0.0
2100 0.0
2200 0.0
2300 0.0
2400 0.0
2500 0.0
2600 0.0
2700 0.0
2800 0.0
2900 0.0
3000 0.0
3100 0.0
3200 0.0
3300 0.0
3400 0.0
3500 0.0
3600 0.0
3700 0.0
3800 0.0
3900 0.0
4000 0.0
4100 0.0
4200 0.0
4300 0.0
4400 0.0
4500 0.0
4600 9.8173958907932e-13
4700 2.0081024276341374e-11
4800 6.710438513165793e-11
4900 1.477485993639588e-10
5000 2.529252690593388e-10
5100 3.9564462517725753e-10
5200 5.724924169145059e-10
5300 7.669799942741418e-10
5400 9.710862005493578e-10
5500 1.1828804085589915e-09
5600 1.3502677647858636e-09
5700 1.5428864058499356e-09
5800 1.7409818563161112e-09
5900 1.9263224677333684e-09
6000 2.0505859403525673e-09
6100 2.1859498959423646e-09
6200 2.320771567673543e-09
6300 2.380853030662652e-09
6400 2.418687982747099e-09
6500 2.4558394755342118e-09
6600 2.4824707196833213e-09
6700 2.4971930065308704e-09
6800 2.5006482010526108e-09
6900 2.4980778587277947e-09
7000 2.472687730370663e-09
7100 2.446699922469095e-09
7200 2.3923692843228676e-09
7300 2.339042878211449e-09
7400 2.2817363209668014e-09
7500 2.224198228214208e-09
7600 2.0900155510844508e-09
7700 1.952454255918357e-09
7800 1.831377822612597e-09
7900 1.6943361722244248e-09
8000 1.5633738132524975e-09
8100 1.4297642040763733e-09
8200 1.3042368966700718e-09
8300 1.2016647026500094e-09
8400 1.1122147207695114e-09
8500 1.0144556809859048e-09
8600 9.23048850177734e-10
8700 8.327317249251042e-10
8800 7.86854051607125e-10
8900 7.375295790403576e-10
9000 6.913458984088724e-10
9100 6.42180657323104e-10
9200 5.965411339520939e-10
9300 5.47853106502522e-10
9400 5.028115609426005e-10
9500 4.549277515191311e-10
9600 4.1112632728559694e-10
9700 3.645272737548855e-10
9800 3.2201000146703124e-10
9900 2.76697712132758e-10
10000 2.359849185714678e-10
10100 1.964408227180491e-10
10200 1.5468088870717932e-10
10300 1.1749406622863723e-10
10400 7.794420262832394e-11
10500 4.219396680761947e-11
10600 0.0
10700 0.0
10800 0.0
10900 0.0
11000 0.0
11100 0.0
11200 0.0
11300 0.0
11400 0.0
11500 0.0
11600 0.0
11700 0.0
11800 0.0
11900 0.0
12000 0.0
12100 0.0
12200 0.0
12300 0.0
12400 0.0
12500 0.0
12600 0.0
12700 0.0
12800 0.0
12900 0.0
13000 0.0
13100 0.0
13200 0.0
13300 0.0
13400 0.0
13500 0.0
13600 0.0
13700 0.0
13800 0.0
13900 0.0
14000 0.0
14100 0.0
14200 0.0
14300 0.0
14400 0.0
14500 0.0
14600 0.0
14700 0.0
14800 0.0
14900 0.0
15000 0.0
