
# Total neutron yield = 0.0  n/decay
	 f19 0.0
# Integral of spectrum = 2.728887537121954e-07  n/decay
100 0.0
200 0.0
300 0.0
400 0.0
500 0.0
600 0.0
700 0.0
800 0.0
900 0.0
1000 0.0
1100 0.0
1200 0.0
1300 0.0
1400 0.0
1500 0.0
1600 0.0
1700 0.0
1800 0.0
1900 0.0
2000 0.0
2100 0.0
2200 0.0
2300 0.0
2400 0.0
2500 0.0
2600 0.0
2700 0.0
2800 0.0
2900 0.0
3000 0.0
3100 0.0
3200 0.0
3300 0.0
3400 0.0
3500 0.0
3600 0.0
3700 0.0
3800 0.0
3900 0.0
4000 0.0
4100 0.0
4200 0.0
4300 0.0
4400 5.706282524531193e-12
4500 2.1771751724145182e-11
4600 4.5629046925165016e-11
4700 7.98223166865384e-11
4800 1.1531150241415673e-10
4900 1.3793904922304383e-10
5000 1.3235605979429605e-10
5100 1.2738892833901658e-10
5200 1.2298659673396191e-10
5300 1.190999635404847e-10
5400 1.1568322071320323e-10
5500 1.1269392094906064e-10
5600 1.1009358620807858e-10
5700 1.0784676525627247e-10
5800 1.0592163010227772e-10
5900 1.0428948971760427e-10
6000 1.0292444647099699e-10
6100 1.0180306494760632e-10
6200 1.0090412124202184e-10
6300 1.0020834731847687e-10
6400 9.969817335679845e-11
6500 9.935743437462486e-11
6600 9.901576645028738e-11
6700 9.65995959359917e-11
6800 9.089274669791114e-11
6900 8.289782175038716e-11
7000 7.096506901646308e-11
7100 5.7296923057057716e-11
7200 3.955747766534365e-11
7300 2.222643798615116e-11
7400 0.0
7500 0.0
7600 0.0
7700 0.0
7800 0.0
7900 0.0
8000 0.0
8100 0.0
8200 0.0
8300 0.0
8400 0.0
8500 0.0
8600 0.0
8700 0.0
8800 0.0
8900 0.0
9000 0.0
9100 0.0
9200 0.0
9300 0.0
9400 0.0
9500 0.0
9600 0.0
9700 0.0
9800 0.0
9900 0.0
10000 0.0
10100 0.0
10200 0.0
10300 0.0
10400 0.0
10500 0.0
10600 0.0
10700 0.0
10800 0.0
10900 0.0
11000 0.0
11100 0.0
11200 0.0
11300 0.0
11400 0.0
11500 0.0
11600 0.0
11700 0.0
11800 0.0
11900 0.0
12000 0.0
12100 0.0
12200 0.0
12300 0.0
12400 0.0
12500 0.0
12600 0.0
12700 0.0
12800 0.0
12900 0.0
13000 0.0
13100 0.0
13200 0.0
13300 0.0
13400 0.0
13500 0.0
13600 0.0
13700 0.0
13800 0.0
13900 0.0
14000 0.0
14100 0.0
14200 0.0
14300 0.0
14400 0.0
14500 0.0
14600 0.0
14700 0.0
14800 0.0
14900 0.0
15000 0.0
