
# Total neutron yield = 0.0  n/decay
	 f19 0.0
# Integral of spectrum = 2.1458232011139352e-07  n/decay
100 0.0
200 0.0
300 0.0
400 0.0
500 0.0
600 0.0
700 0.0
800 0.0
900 0.0
1000 0.0
1100 0.0
1200 0.0
1300 0.0
1400 0.0
1500 0.0
1600 0.0
1700 0.0
1800 0.0
1900 0.0
2000 0.0
2100 0.0
2200 0.0
2300 0.0
2400 0.0
2500 0.0
2600 0.0
2700 0.0
2800 0.0
2900 0.0
3000 0.0
3100 0.0
3200 0.0
3300 0.0
3400 0.0
3500 0.0
3600 0.0
3700 0.0
3800 0.0
3900 0.0
4000 0.0
4100 0.0
4200 0.0
4300 0.0
4400 1.9069283183034734e-12
4500 8.827361754055971e-12
4600 2.1637591558974085e-11
4700 3.7715135890698535e-11
4800 5.4535233049638166e-11
4900 7.459146533265644e-11
5000 9.342508617356257e-11
5100 1.0972632036671756e-10
5200 1.030341073938342e-10
5300 9.73570138652447e-11
5400 9.25661073633968e-11
5500 8.85532065934883e-11
5600 8.522696306541776e-11
5700 8.251046631279479e-11
5800 8.033734513019827e-11
5900 7.865162799366715e-11
6000 7.740504288541523e-11
6100 7.655625175628756e-11
6200 7.606959813699521e-11
6300 7.591443661848925e-11
6400 7.60641482664027e-11
6500 7.649591581415104e-11
6600 7.699584333193541e-11
6700 7.61980314735617e-11
6800 7.409193365909424e-11
6900 6.990800029132448e-11
7000 6.471788703372171e-11
7100 5.7823904131728834e-11
7200 5.070595391338808e-11
7300 4.1639429907513807e-11
7400 3.243273453303241e-11
7500 2.132020567007943e-11
7600 1.0881923528165877e-11
7700 0.0
7800 0.0
7900 0.0
8000 0.0
8100 0.0
8200 0.0
8300 0.0
8400 0.0
8500 0.0
8600 0.0
8700 0.0
8800 0.0
8900 0.0
9000 0.0
9100 0.0
9200 0.0
9300 0.0
9400 0.0
9500 0.0
9600 0.0
9700 0.0
9800 0.0
9900 0.0
10000 0.0
10100 0.0
10200 0.0
10300 0.0
10400 0.0
10500 0.0
10600 0.0
10700 0.0
10800 0.0
10900 0.0
11000 0.0
11100 0.0
11200 0.0
11300 0.0
11400 0.0
11500 0.0
11600 0.0
11700 0.0
11800 0.0
11900 0.0
12000 0.0
12100 0.0
12200 0.0
12300 0.0
12400 0.0
12500 0.0
12600 0.0
12700 0.0
12800 0.0
12900 0.0
13000 0.0
13100 0.0
13200 0.0
13300 0.0
13400 0.0
13500 0.0
13600 0.0
13700 0.0
13800 0.0
13900 0.0
14000 0.0
14100 0.0
14200 0.0
14300 0.0
14400 0.0
14500 0.0
14600 0.0
14700 0.0
14800 0.0
14900 0.0
15000 0.0
