
# Total neutron yield = 0.0  n/decay
	 f19 0.0
# Integral of spectrum = 2.7605999117547716e-05  n/decay
100 0.0
200 0.0
300 0.0
400 0.0
500 0.0
600 0.0
700 0.0
800 0.0
900 0.0
1000 0.0
1100 0.0
1200 0.0
1300 0.0
1400 0.0
1500 0.0
1600 0.0
1700 0.0
1800 0.0
1900 0.0
2000 0.0
2100 0.0
2200 0.0
2300 0.0
2400 0.0
2500 0.0
2600 0.0
2700 0.0
2800 0.0
2900 0.0
3000 0.0
3100 0.0
3200 0.0
3300 0.0
3400 0.0
3500 0.0
3600 0.0
3700 0.0
3800 0.0
3900 0.0
4000 0.0
4100 0.0
4200 0.0
4300 0.0
4400 0.0
4500 0.0
4600 0.0
4700 0.0
4800 5.197252074708858e-13
4900 1.0886647898820327e-11
5000 4.903060304057574e-11
5100 1.1692705646018093e-10
5200 2.1554206180400628e-10
5300 3.700564465914093e-10
5400 5.858857250146308e-10
5500 8.611651503894216e-10
5600 1.2075761592292428e-09
5700 1.6003244253973942e-09
5800 2.0839307783748614e-09
5900 2.557066262791827e-09
6000 3.0997704512809587e-09
6100 3.7094156065354478e-09
6200 4.371942183483918e-09
6300 5.021427270286867e-09
6400 5.747383226302544e-09
6500 6.4969892305525695e-09
6600 7.2572939127136555e-09
6700 7.935289208515522e-09
6800 8.502746049940265e-09
6900 8.99185778696058e-09
7000 9.350388970818204e-09
7100 9.631985956538382e-09
7200 9.869619209492383e-09
7300 9.962487358749706e-09
7400 9.91601090983444e-09
7500 9.835432784587207e-09
7600 9.64145282262616e-09
7700 9.372410779558244e-09
7800 9.0705444138779e-09
7900 8.72805662522019e-09
8000 8.39401690943364e-09
8100 8.014654177815077e-09
8200 7.649845625027434e-09
8300 7.288096075098069e-09
8400 6.887199501989445e-09
8500 6.50697109099201e-09
8600 6.0909021614498365e-09
8700 5.710823013144805e-09
8800 5.3254971040420935e-09
8900 4.856107999004682e-09
9000 4.422162280240277e-09
9100 3.997351244912627e-09
9200 3.6093204211609653e-09
9300 3.263895802992172e-09
9400 2.9628657804760254e-09
9500 2.66574752551158e-09
9600 2.3563619964597097e-09
9700 2.0992011283965962e-09
9800 1.8335703385224997e-09
9900 1.671940363589735e-09
10000 1.4990663683216398e-09
10100 1.3436205307561401e-09
10200 1.1775984970647338e-09
10300 1.0643741922839629e-09
10400 9.993988251086728e-10
10500 9.409378375013839e-10
10600 8.834105087458132e-10
10700 8.211826808957851e-10
10800 7.651555801726936e-10
10900 7.041151419478352e-10
11000 6.48939488377854e-10
11100 5.887967114970105e-10
11200 5.344623554427861e-10
11300 4.750346953038804e-10
11400 4.2114724836665153e-10
11500 3.62274709853396e-10
11600 3.0926056983488346e-10
11700 2.518662473412384e-10
11800 2.0026253839642992e-10
11900 1.4949322765222413e-10
12000 9.501196209614524e-11
12100 4.663491818174115e-11
12200 0.0
12300 0.0
12400 0.0
12500 0.0
12600 0.0
12700 0.0
12800 0.0
12900 0.0
13000 0.0
13100 0.0
13200 0.0
13300 0.0
13400 0.0
13500 0.0
13600 0.0
13700 0.0
13800 0.0
13900 0.0
14000 0.0
14100 0.0
14200 0.0
14300 0.0
14400 0.0
14500 0.0
14600 0.0
14700 0.0
14800 0.0
14900 0.0
15000 0.0
