
# Total neutron yield = 0.0  n/decay
	 f19 0.0
# Integral of spectrum = 1.0454050820407559e-07  n/decay
100 0.0
200 0.0
300 0.0
400 0.0
500 0.0
600 0.0
700 0.0
800 0.0
900 0.0
1000 0.0
1100 0.0
1200 0.0
1300 0.0
1400 0.0
1500 0.0
1600 0.0
1700 0.0
1800 0.0
1900 0.0
2000 0.0
2100 0.0
2200 0.0
2300 0.0
2400 0.0
2500 0.0
2600 0.0
2700 0.0
2800 0.0
2900 0.0
3000 0.0
3100 0.0
3200 0.0
3300 0.0
3400 0.0
3500 0.0
3600 0.0
3700 0.0
3800 0.0
3900 0.0
4000 0.0
4100 0.0
4200 0.0
4300 3.869811741950147e-14
4400 3.224660717629744e-12
4500 1.109208890908117e-11
4600 2.2232591134453065e-11
4700 3.738159899683083e-11
4800 5.3527274574475215e-11
4900 5.466321189302387e-11
5000 5.119102050971116e-11
5100 4.8227521393929136e-11
5200 4.571405760554727e-11
5300 4.360040317439366e-11
5400 4.184373730415115e-11
5500 4.0406449761524914e-11
5600 3.9255910514803635e-11
5700 3.836356796488601e-11
5800 3.770443574477596e-11
5900 3.725619681595367e-11
6000 3.699926337355393e-11
6100 3.691627794703963e-11
6200 3.699192269513803e-11
6300 3.721242321962785e-11
6400 3.7565611637702413e-11
6500 3.804070166110836e-11
6600 3.8560509644352685e-11
6700 3.800736086863349e-11
6800 3.597562749509916e-11
6900 3.2846177534993335e-11
7000 2.7821661493209442e-11
7100 2.190229427028687e-11
7200 1.423452814255417e-11
7300 6.607296924866135e-12
7400 0.0
7500 0.0
7600 0.0
7700 0.0
7800 0.0
7900 0.0
8000 0.0
8100 0.0
8200 0.0
8300 0.0
8400 0.0
8500 0.0
8600 0.0
8700 0.0
8800 0.0
8900 0.0
9000 0.0
9100 0.0
9200 0.0
9300 0.0
9400 0.0
9500 0.0
9600 0.0
9700 0.0
9800 0.0
9900 0.0
10000 0.0
10100 0.0
10200 0.0
10300 0.0
10400 0.0
10500 0.0
10600 0.0
10700 0.0
10800 0.0
10900 0.0
11000 0.0
11100 0.0
11200 0.0
11300 0.0
11400 0.0
11500 0.0
11600 0.0
11700 0.0
11800 0.0
11900 0.0
12000 0.0
12100 0.0
12200 0.0
12300 0.0
12400 0.0
12500 0.0
12600 0.0
12700 0.0
12800 0.0
12900 0.0
13000 0.0
13100 0.0
13200 0.0
13300 0.0
13400 0.0
13500 0.0
13600 0.0
13700 0.0
13800 0.0
13900 0.0
14000 0.0
14100 0.0
14200 0.0
14300 0.0
14400 0.0
14500 0.0
14600 0.0
14700 0.0
14800 0.0
14900 0.0
15000 0.0
