
# Total neutron yield = 0.0  n/decay
	 o16 0.0
	 o17 0.0
	 o18 0.0
# Integral of spectrum = 1.3752990053325252e-09  n/decay
100 0.0
200 0.0
300 0.0
400 0.0
500 0.0
600 0.0
700 0.0
800 0.0
900 0.0
1000 0.0
1100 0.0
1200 0.0
1300 0.0
1400 0.0
1500 0.0
1600 0.0
1700 0.0
1800 0.0
1900 0.0
2000 0.0
2100 0.0
2200 0.0
2300 0.0
2400 0.0
2500 0.0
2600 0.0
2700 0.0
2800 0.0
2900 0.0
3000 0.0
3100 0.0
3200 0.0
3300 0.0
3400 0.0
3500 0.0
3600 0.0
3700 0.0
3800 0.0
3900 0.0
4000 0.0
4100 0.0
4200 0.0
4300 0.0
4400 0.0
4500 0.0
4600 0.0
4700 0.0
4800 0.0
4900 0.0
5000 0.0
5100 0.0
5200 0.0
5300 0.0
5400 0.0
5500 0.0
5600 0.0
5700 1.5444514971653545e-17
5800 1.315197166926588e-16
5900 3.3821143570756797e-16
6000 1.7411857841242257e-15
6100 1.814343149897921e-15
6200 2.397163456198568e-15
6300 3.860080132418786e-15
6400 8.475213652859854e-15
6500 1.0759569630274697e-14
6600 1.238090782467458e-14
6700 1.778527420204252e-14
6800 2.3463021722145888e-14
6900 4.920458720760946e-14
7000 6.44710075664469e-14
7100 7.881247103487063e-14
7200 1.0358116984727095e-13
7300 1.4954823962497123e-13
7400 1.883128362603563e-13
7500 2.336791981919928e-13
7600 2.6410821296709093e-13
7700 2.8691335874436663e-13
7800 3.119037880517289e-13
7900 3.3802987444909847e-13
8000 3.5951583116511017e-13
8100 3.900732342541242e-13
8200 4.232506830122934e-13
8300 4.5339643022042835e-13
8400 4.770707897899117e-13
8500 4.961016217247393e-13
8600 5.092699742996854e-13
8700 5.161460956407697e-13
8800 5.099291893407847e-13
8900 5.034258245408102e-13
9000 5.030813915030778e-13
9100 4.928379207291873e-13
9200 4.769766612955616e-13
9300 4.5445449363371384e-13
9400 4.291549040462895e-13
9500 3.9982134044849607e-13
9600 3.7580057511153166e-13
9700 3.4893298793793374e-13
9800 3.255009373526828e-13
9900 3.033901096263677e-13
10000 2.8712135594871564e-13
10100 2.740892639649184e-13
10200 2.6094659456560136e-13
10300 2.424764458885536e-13
10400 2.2400203166367948e-13
10500 2.1024574717673786e-13
10600 1.9670139894206584e-13
10700 1.766927642231961e-13
10800 1.5796271419597066e-13
10900 1.4009845664562977e-13
11000 1.2083452926366073e-13
11100 1.053882967113676e-13
11200 8.909073773156309e-14
11300 7.525737074962897e-14
11400 6.37437276309378e-14
11500 5.374299241363937e-14
11600 4.409241961016415e-14
11700 3.4606126582819493e-14
11800 2.6703791489552753e-14
11900 1.9725406221633973e-14
12000 1.5180513530204614e-14
12100 1.100425218625228e-14
12200 6.904319977111857e-15
12300 3.94637283238452e-15
12400 2.5737734844931716e-15
12500 1.9535969860469235e-15
12600 1.47692126757906e-15
12700 1.1807717961723086e-15
12800 9.723950762206014e-16
12900 8.196861927783308e-16
13000 6.834316785106493e-16
13100 5.844774231035103e-16
13200 5.030650423102296e-16
13300 4.2159550595521615e-16
13400 3.538416013310036e-16
13500 2.8453966549678757e-16
13600 2.289864737948198e-16
13700 1.7870638966803368e-16
13800 1.3946079646135433e-16
13900 1.0095854938327936e-16
14000 6.908767397253259e-17
14100 3.6975378381456183e-17
14200 1.2477356293479341e-17
14300 0.0
14400 0.0
14500 0.0
14600 0.0
14700 0.0
14800 0.0
14900 0.0
15000 0.0
