
# Total neutron yield = 0.0  n/decay
	 o16 0.0
	 o17 0.0
	 o18 0.0
# Integral of spectrum = 3.3686546678971535e-08  n/decay
100 0.0
200 0.0
300 0.0
400 0.0
500 0.0
600 0.0
700 0.0
800 0.0
900 0.0
1000 0.0
1100 0.0
1200 0.0
1300 0.0
1400 0.0
1500 0.0
1600 0.0
1700 0.0
1800 0.0
1900 0.0
2000 0.0
2100 0.0
2200 0.0
2300 0.0
2400 0.0
2500 0.0
2600 0.0
2700 0.0
2800 0.0
2900 0.0
3000 0.0
3100 0.0
3200 0.0
3300 0.0
3400 0.0
3500 0.0
3600 0.0
3700 0.0
3800 0.0
3900 0.0
4000 0.0
4100 0.0
4200 0.0
4300 0.0
4400 1.5709216187466732e-19
4500 4.49975642510491e-16
4600 1.995076480991471e-15
4700 1.817425543439399e-14
4800 4.869185363755929e-14
4900 1.565046961693593e-13
5000 2.5140341946954573e-13
5100 3.407614283520278e-13
5200 4.79047905766944e-13
5300 5.392839532634267e-13
5400 1.0051560004116749e-12
5500 1.7378336802821942e-12
5600 1.9183673050644376e-12
5700 2.445249344498702e-12
5800 3.392684541285688e-12
5900 4.616963087753901e-12
6000 5.512446836066708e-12
6100 6.478441905484045e-12
6200 6.9750580165508655e-12
6300 7.230117455503413e-12
6400 7.856997153380843e-12
6500 8.433603705967294e-12
6600 9.19404788771933e-12
6700 9.923261313456385e-12
6800 1.0766718424407056e-11
6900 1.1495537261890844e-11
7000 1.2067916497209913e-11
7100 1.2178973262058295e-11
7200 1.2278872108549545e-11
7300 1.2528720175749382e-11
7400 1.2628760222804627e-11
7500 1.2549629228350597e-11
7600 1.2306896267530654e-11
7700 1.1761726567396115e-11
7800 1.1036395374430526e-11
7900 1.0365800275757657e-11
8000 9.794063765513586e-12
8100 9.049634508805059e-12
8200 8.502251115902e-12
8300 8.150893903327775e-12
8400 7.759344993660815e-12
8500 7.49748955992047e-12
8600 7.050665630404693e-12
8700 6.647242031048314e-12
8800 6.279470398082149e-12
8900 5.97194253479071e-12
9000 5.475083112632644e-12
9100 5.068294169732971e-12
9200 4.551767296642861e-12
9300 3.998886874710195e-12
9400 3.5460897138385763e-12
9500 3.0736209012053105e-12
9600 2.6386678116185692e-12
9700 2.280730789061525e-12
9800 1.9775649377056193e-12
9900 1.638938876903648e-12
10000 1.3490370209366699e-12
10100 1.051928738751046e-12
10200 8.042863232749149e-13
10300 6.262887981167157e-13
10400 4.714449640966245e-13
10500 3.096376337620922e-13
10600 1.86105175089673e-13
10700 1.1501433105133512e-13
10800 8.875439246737172e-14
10900 6.775741165544035e-14
11000 5.4562561881968696e-14
11100 4.528564111027126e-14
11200 3.8703904062235546e-14
11300 3.2656582135646046e-14
11400 2.8279495287173456e-14
11500 2.4339822669641948e-14
11600 2.1114814566528233e-14
11700 1.7748967770127914e-14
11800 1.4874458669633676e-14
11900 1.1937821631567647e-14
12000 9.737058784800234e-15
12100 7.619484696779029e-15
12200 5.872900558904143e-15
12300 4.038622682454014e-15
12400 2.443169243916933e-15
12500 8.671483848876155e-16
12600 0.0
12700 0.0
12800 0.0
12900 0.0
13000 0.0
13100 0.0
13200 0.0
13300 0.0
13400 0.0
13500 0.0
13600 0.0
13700 0.0
13800 0.0
13900 0.0
14000 0.0
14100 0.0
14200 0.0
14300 0.0
14400 0.0
14500 0.0
14600 0.0
14700 0.0
14800 0.0
14900 0.0
15000 0.0
