
# Total neutron yield = 0.0  n/decay
	 o16 0.0
	 o17 0.0
	 o18 0.0
# Integral of spectrum = 1.221644292385631e-07  n/decay
100 0.0
200 0.0
300 0.0
400 0.0
500 0.0
600 0.0
700 0.0
800 0.0
900 0.0
1000 0.0
1100 0.0
1200 0.0
1300 0.0
1400 0.0
1500 0.0
1600 0.0
1700 0.0
1800 0.0
1900 0.0
2000 0.0
2100 0.0
2200 0.0
2300 0.0
2400 0.0
2500 0.0
2600 0.0
2700 0.0
2800 0.0
2900 0.0
3000 0.0
3100 0.0
3200 0.0
3300 0.0
3400 0.0
3500 0.0
3600 0.0
3700 0.0
3800 0.0
3900 0.0
4000 0.0
4100 0.0
4200 0.0
4300 0.0
4400 1.5709216187466732e-19
4500 1.310534271782909e-15
4600 6.629210575700129e-15
4700 2.9346813327367717e-14
4800 6.894829134535e-14
4900 1.8736508315661602e-13
5000 2.963339211150017e-13
5100 4.4075417397201594e-13
5200 1.798345532113825e-12
5300 2.7537590759224256e-12
5400 4.275935122561715e-12
5500 5.61213577492849e-12
5600 7.415894025751123e-12
5700 1.000455787927399e-11
5800 1.3093773975310647e-11
5900 1.839704975713156e-11
6000 2.4382542899952e-11
6100 2.8056926069950652e-11
6200 3.174071295710545e-11
6300 3.760876901287521e-11
6400 4.207062946676962e-11
6500 4.726474892704053e-11
6600 4.9319551236462726e-11
6700 5.1287260474672896e-11
6800 5.244520506980277e-11
6900 5.349435222823216e-11
7000 5.320383731005348e-11
7100 5.301189160953661e-11
7200 5.219961996197532e-11
7300 5.1022756571770656e-11
7400 4.9424950554437726e-11
7500 4.832320247549907e-11
7600 4.5806854494590495e-11
7700 4.249659077884018e-11
7800 3.964192269679292e-11
7900 3.548340893613378e-11
8000 3.257611877609884e-11
8100 3.0287503311809525e-11
8200 2.7680684103609218e-11
8300 2.460657770007387e-11
8400 2.1130707368936703e-11
8500 1.896857966004139e-11
8600 1.590980473355409e-11
8700 1.3379592086862572e-11
8800 1.201754581453342e-11
8900 1.0554509461819056e-11
9000 9.365286020293238e-12
9100 8.197848389377831e-12
9200 7.0799518742881515e-12
9300 6.066126046745766e-12
9400 5.223809987009461e-12
9500 4.4913310413084625e-12
9600 3.844252714065186e-12
9700 3.311720223287009e-12
9800 2.8637304574196265e-12
9900 2.3605453076369884e-12
10000 1.9303005145840293e-12
10100 1.5163030072240642e-12
10200 1.1818261678753763e-12
10300 9.478064423505455e-13
10400 7.44760500956225e-13
10500 5.307659251773224e-13
10600 3.644028385328725e-13
10700 2.657181139722394e-13
10800 2.2608420950715128e-13
10900 1.9394540901697768e-13
11000 1.6926266727767291e-13
11100 1.5024917165221348e-13
11200 1.3283994096186727e-13
11300 1.1696383055767384e-13
11400 1.0310087533374577e-13
11500 9.190570372194126e-14
11600 8.107045572382222e-14
11700 7.10111051146806e-14
11800 6.06432887769095e-14
11900 5.088228438467197e-14
12000 4.1373763933711175e-14
12100 3.2849324288496457e-14
12200 2.440776139941992e-14
12300 1.7017384830451518e-14
12400 1.024429201348567e-14
12500 4.459267348944051e-15
12600 0.0
12700 0.0
12800 0.0
12900 0.0
13000 0.0
13100 0.0
13200 0.0
13300 0.0
13400 0.0
13500 0.0
13600 0.0
13700 0.0
13800 0.0
13900 0.0
14000 0.0
14100 0.0
14200 0.0
14300 0.0
14400 0.0
14500 0.0
14600 0.0
14700 0.0
14800 0.0
14900 0.0
15000 0.0
