
# Total neutron yield = 0.0  n/decay
	 o16 0.0
	 o17 0.0
	 o18 0.0
# Integral of spectrum = 1.0121691477321951e-07  n/decay
100 0.0
200 0.0
300 0.0
400 0.0
500 0.0
600 0.0
700 0.0
800 0.0
900 0.0
1000 0.0
1100 0.0
1200 0.0
1300 0.0
1400 0.0
1500 0.0
1600 0.0
1700 0.0
1800 0.0
1900 0.0
2000 0.0
2100 0.0
2200 0.0
2300 0.0
2400 0.0
2500 0.0
2600 0.0
2700 0.0
2800 0.0
2900 0.0
3000 0.0
3100 0.0
3200 0.0
3300 0.0
3400 0.0
3500 0.0
3600 0.0
3700 0.0
3800 0.0
3900 0.0
4000 0.0
4100 0.0
4200 0.0
4300 0.0
4400 0.0
4500 0.0
4600 1.5534454313050308e-15
4700 6.654219646090462e-15
4800 1.58998751838347e-14
4900 2.890948487883569e-14
5000 4.4819594896974484e-14
5100 6.397995879339692e-14
5200 8.606036627631504e-14
5300 1.109536029311961e-13
5400 1.6525067261082937e-13
5500 1.2985611829913175e-12
5600 2.810753669021517e-12
5700 3.8804971727162e-12
5800 5.5606174672622e-12
5900 7.465830668889052e-12
6000 1.0324403321432705e-11
6100 1.255368555686082e-11
6200 1.749851844469071e-11
6300 2.3423939683464195e-11
6400 2.7342442730174716e-11
6500 3.0812541273185394e-11
6600 3.623548618500349e-11
6700 4.060315475881491e-11
6800 4.548882689803897e-11
6900 4.6764483406049196e-11
7000 4.6925405549905177e-11
7100 4.686523352213059e-11
7200 4.601273552371826e-11
7300 4.462202900444522e-11
7400 4.3540551856039956e-11
7500 4.2632024175917856e-11
7600 4.08942322557983e-11
7700 3.917367631426121e-11
7800 3.7724173332274567e-11
7900 3.624953674426238e-11
8000 3.31385673376761e-11
8100 3.0998203864773845e-11
8200 2.819118981530773e-11
8300 2.4705346288754424e-11
8400 2.3659093464712855e-11
8500 2.1684212571049352e-11
8600 1.938774574730086e-11
8700 1.6709924710052188e-11
8800 1.3389502005184255e-11
8900 1.1483779656701095e-11
9000 8.67334445717739e-12
9100 7.002048748930585e-12
9200 5.861478534721466e-12
9300 4.667925180523834e-12
9400 4.091718108707196e-12
9500 3.2514464463905213e-12
9600 2.70543472573715e-12
9700 2.2336505529727423e-12
9800 1.8631979264796347e-12
9900 1.6079174822535628e-12
10000 1.3859893338236742e-12
10100 1.2363990813665133e-12
10200 1.0820169088629578e-12
10300 8.938601858078696e-13
10400 7.484762544403288e-13
10500 6.235053027262189e-13
10600 5.397597203698169e-13
10700 4.66975803959957e-13
10800 4.0087952784141305e-13
10900 3.295721324773629e-13
11000 2.677129264657795e-13
11100 2.341706145838992e-13
11200 2.0783720859197548e-13
11300 1.8478136377087887e-13
11400 1.6342518147852847e-13
11500 1.452866169843177e-13
11600 1.258017930882777e-13
11700 1.0796651528946154e-13
11800 9.225383205730662e-14
11900 7.957802819285583e-14
12000 6.871792053618493e-14
12100 5.911152133072726e-14
12200 4.848103553830519e-14
12300 3.974405555810247e-14
12400 3.179800395382312e-14
12500 2.544470275524353e-14
12600 1.862187714682901e-14
12700 1.3174535186464074e-14
12800 7.884901487769136e-15
12900 3.1736995831608757e-15
13000 6.834316785106493e-16
13100 5.844774231035103e-16
13200 5.030650423102296e-16
13300 4.2159550595521615e-16
13400 3.538416013310036e-16
13500 2.8453966549678757e-16
13600 2.289864737948198e-16
13700 1.7870638966803368e-16
13800 1.3946079646135433e-16
13900 1.0095854938327936e-16
14000 6.908767397253259e-17
14100 3.6975378381456183e-17
14200 1.2477356293479341e-17
14300 0.0
14400 0.0
14500 0.0
14600 0.0
14700 0.0
14800 0.0
14900 0.0
15000 0.0
