
# Total neutron yield = 0.0  n/decay
	 f19 0.0
# Integral of spectrum = 1.561067532385e-13  n/decay
100 0.0
200 0.0
300 0.0
400 0.0
500 0.0
600 0.0
700 0.0
800 0.0
900 0.0
1000 0.0
1100 0.0
1200 0.0
1300 0.0
1400 0.0
1500 0.0
1600 0.0
1700 0.0
1800 0.0
1900 0.0
2000 0.0
2100 0.0
2200 0.0
2300 0.0
2400 0.0
2500 0.0
2600 0.0
2700 0.0
2800 0.0
2900 0.0
3000 0.0
3100 0.0
3200 0.0
3300 0.0
3400 0.0
3500 0.0
3600 0.0
3700 0.0
3800 0.0
3900 0.0
4000 0.0
4100 0.0
4200 0.0
4300 0.0
4400 9.491437599372381e-18
4500 4.614320980398815e-17
4600 8.517918873109942e-17
4700 8.19426876136042e-17
4800 7.90416249540723e-17
4900 7.644215915084423e-17
5000 7.411424605774916e-17
5100 7.203131598486166e-17
5200 7.01700682602616e-17
5300 6.850951008254455e-17
5400 6.703101296305116e-17
5500 6.571807428823594e-17
5600 6.455583906306074e-17
5700 6.35309163797474e-17
5800 6.263138350737632e-17
5900 6.184665489524898e-17
6000 6.116698107830718e-17
6100 6.058356358773531e-17
6200 6.008862227697408e-17
6300 5.967499262267329e-17
6400 5.933612711194601e-17
6500 5.90661263875073e-17
6600 5.786521333077892e-17
6700 5.0373186530354324e-17
6800 3.3720941242474815e-17
6900 1.0812448881130814e-17
7000 0.0
7100 0.0
7200 0.0
7300 0.0
7400 0.0
7500 0.0
7600 0.0
7700 0.0
7800 0.0
7900 0.0
8000 0.0
8100 0.0
8200 0.0
8300 0.0
8400 0.0
8500 0.0
8600 0.0
8700 0.0
8800 0.0
8900 0.0
9000 0.0
9100 0.0
9200 0.0
9300 0.0
9400 0.0
9500 0.0
9600 0.0
9700 0.0
9800 0.0
9900 0.0
10000 0.0
10100 0.0
10200 0.0
10300 0.0
10400 0.0
10500 0.0
10600 0.0
10700 0.0
10800 0.0
10900 0.0
11000 0.0
11100 0.0
11200 0.0
11300 0.0
11400 0.0
11500 0.0
11600 0.0
11700 0.0
11800 0.0
11900 0.0
12000 0.0
12100 0.0
12200 0.0
12300 0.0
12400 0.0
12500 0.0
12600 0.0
12700 0.0
12800 0.0
12900 0.0
13000 0.0
13100 0.0
13200 0.0
13300 0.0
13400 0.0
13500 0.0
13600 0.0
13700 0.0
13800 0.0
13900 0.0
14000 0.0
14100 0.0
14200 0.0
14300 0.0
14400 0.0
14500 0.0
14600 0.0
14700 0.0
14800 0.0
14900 0.0
15000 0.0
