
# Total neutron yield = 0.0  n/decay
	 f19 0.0
# Integral of spectrum = 1.1809034719321278e-13  n/decay
100 0.0
200 0.0
300 0.0
400 0.0
500 0.0
600 0.0
700 0.0
800 0.0
900 0.0
1000 0.0
1100 0.0
1200 0.0
1300 0.0
1400 0.0
1500 0.0
1600 0.0
1700 0.0
1800 0.0
1900 0.0
2000 0.0
2100 0.0
2200 0.0
2300 0.0
2400 0.0
2500 0.0
2600 0.0
2700 0.0
2800 0.0
2900 0.0
3000 0.0
3100 0.0
3200 0.0
3300 0.0
3400 0.0
3500 0.0
3600 0.0
3700 0.0
3800 0.0
3900 0.0
4000 0.0
4100 0.0
4200 0.0
4300 0.0
4400 1.9060661773513057e-17
4500 5.952234094450131e-17
4600 5.928866227962849e-17
4700 5.891574247387935e-17
4800 5.84231412122443e-17
4900 5.782766218973468e-17
5000 5.71437427207778e-17
5100 5.638384826309639e-17
5200 5.555881372201595e-17
5300 5.4678074467503676e-17
5400 5.3749541153668794e-17
5500 5.278041663592414e-17
5600 5.1776786425835616e-17
5700 5.074385518000993e-17
5800 4.968638070748577e-17
5900 4.860834370282338e-17
6000 4.7513280150809573e-17
6100 4.6404254041846405e-17
6200 4.528393589395365e-17
6300 4.415466950022004e-17
6400 4.301846733634492e-17
6500 4.187712808261094e-17
6600 3.975646919750714e-17
6700 2.8747253876192526e-17
6800 0.0
6900 0.0
7000 0.0
7100 0.0
7200 0.0
7300 0.0
7400 0.0
7500 0.0
7600 0.0
7700 0.0
7800 0.0
7900 0.0
8000 0.0
8100 0.0
8200 0.0
8300 0.0
8400 0.0
8500 0.0
8600 0.0
8700 0.0
8800 0.0
8900 0.0
9000 0.0
9100 0.0
9200 0.0
9300 0.0
9400 0.0
9500 0.0
9600 0.0
9700 0.0
9800 0.0
9900 0.0
10000 0.0
10100 0.0
10200 0.0
10300 0.0
10400 0.0
10500 0.0
10600 0.0
10700 0.0
10800 0.0
10900 0.0
11000 0.0
11100 0.0
11200 0.0
11300 0.0
11400 0.0
11500 0.0
11600 0.0
11700 0.0
11800 0.0
11900 0.0
12000 0.0
12100 0.0
12200 0.0
12300 0.0
12400 0.0
12500 0.0
12600 0.0
12700 0.0
12800 0.0
12900 0.0
13000 0.0
13100 0.0
13200 0.0
13300 0.0
13400 0.0
13500 0.0
13600 0.0
13700 0.0
13800 0.0
13900 0.0
14000 0.0
14100 0.0
14200 0.0
14300 0.0
14400 0.0
14500 0.0
14600 0.0
14700 0.0
14800 0.0
14900 0.0
15000 0.0
