
# Total neutron yield = 0.0  n/decay
	 f19 0.0
# Integral of spectrum = 9.115930104074324e-06  n/decay
100 0.0
200 0.0
300 0.0
400 0.0
500 0.0
600 0.0
700 0.0
800 0.0
900 0.0
1000 0.0
1100 0.0
1200 0.0
1300 0.0
1400 0.0
1500 0.0
1600 0.0
1700 0.0
1800 0.0
1900 0.0
2000 0.0
2100 0.0
2200 0.0
2300 0.0
2400 0.0
2500 0.0
2600 0.0
2700 0.0
2800 0.0
2900 0.0
3000 0.0
3100 0.0
3200 0.0
3300 0.0
3400 0.0
3500 0.0
3600 0.0
3700 0.0
3800 0.0
3900 0.0
4000 0.0
4100 0.0
4200 0.0
4300 0.0
4400 0.0
4500 0.0
4600 0.0
4700 1.9291430572365384e-12
4800 5.384502231886955e-11
4900 1.6467568111187685e-10
5000 3.4763977794577285e-10
5100 5.899584150836179e-10
5200 8.88798287346696e-10
5300 1.2278396629930545e-09
5400 1.5485671115292945e-09
5500 1.8882183527042637e-09
5600 2.201027389881891e-09
5700 2.493500850873155e-09
5800 2.7352685825611655e-09
5900 2.962580920323067e-09
6000 3.1425012405055356e-09
6100 3.319188089114971e-09
6200 3.4590925253123387e-09
6300 3.5890771447675095e-09
6400 3.6221875552501885e-09
6500 3.627104885632379e-09
6600 3.621127708637435e-09
6700 3.596671721212334e-09
6800 3.5581373287284635e-09
6900 3.4813298740989302e-09
7000 3.3723051504071267e-09
7100 3.208790160278549e-09
7200 3.0324484077098342e-09
7300 2.8818024312925503e-09
7400 2.6989632385009973e-09
7500 2.5079844063586193e-09
7600 2.3037070838147145e-09
7700 2.133555461587981e-09
7800 1.964323646314925e-09
7900 1.7734835166494157e-09
8000 1.6375779668728845e-09
8100 1.4858317281802354e-09
8200 1.3593067132390992e-09
8300 1.2117349014153743e-09
8400 1.085347577197068e-09
8500 9.437566990347955e-10
8600 8.350799035487225e-10
8700 7.54445769149868e-10
8800 6.605614385837035e-10
8900 5.898432095694276e-10
9000 5.158271142834832e-10
9100 4.5121680348989613e-10
9200 3.7872680876964163e-10
9300 3.1512403249027206e-10
9400 2.399314359250708e-10
9500 1.9231944278371324e-10
9600 1.436006137917918e-10
9700 1.1961255435187865e-10
9800 9.654082113235599e-11
9900 7.529332347158259e-11
10000 4.842048399784883e-11
10100 2.1543921735551644e-11
10200 2.6178882949999968e-14
10300 2.5604578529657754e-16
10400 2.1703343417949544e-16
10500 1.6798832235625717e-16
10600 1.217109386261196e-16
10700 6.216278920043253e-17
10800 0.0
10900 0.0
11000 0.0
11100 0.0
11200 0.0
11300 0.0
11400 0.0
11500 0.0
11600 0.0
11700 0.0
11800 0.0
11900 0.0
12000 0.0
12100 0.0
12200 0.0
12300 0.0
12400 0.0
12500 0.0
12600 0.0
12700 0.0
12800 0.0
12900 0.0
13000 0.0
13100 0.0
13200 0.0
13300 0.0
13400 0.0
13500 0.0
13600 0.0
13700 0.0
13800 0.0
13900 0.0
14000 0.0
14100 0.0
14200 0.0
14300 0.0
14400 0.0
14500 0.0
14600 0.0
14700 0.0
14800 0.0
14900 0.0
15000 0.0
