
# Total neutron yield = 0.0  n/decay
	 f19 0.0
# Integral of spectrum = 2.210748955344964e-05  n/decay
100 0.0
200 0.0
300 0.0
400 0.0
500 0.0
600 0.0
700 0.0
800 0.0
900 0.0
1000 0.0
1100 0.0
1200 0.0
1300 0.0
1400 0.0
1500 0.0
1600 0.0
1700 0.0
1800 0.0
1900 0.0
2000 0.0
2100 0.0
2200 0.0
2300 0.0
2400 0.0
2500 0.0
2600 0.0
2700 0.0
2800 0.0
2900 0.0
3000 0.0
3100 0.0
3200 0.0
3300 0.0
3400 0.0
3500 0.0
3600 0.0
3700 0.0
3800 0.0
3900 0.0
4000 0.0
4100 0.0
4200 0.0
4300 0.0
4400 0.0
4500 0.0
4600 0.0
4700 5.759544031800894e-13
4800 6.999303449516014e-11
4900 2.502431923383356e-10
5000 5.409056417845406e-10
5100 9.51341123331755e-10
5200 1.4397802160284345e-09
5300 2.0742270978317773e-09
5400 2.798096139172181e-09
5500 3.5903897272273955e-09
5600 4.355323259044142e-09
5700 5.051812663316485e-09
5800 5.793908963947016e-09
5900 6.5192884868891745e-09
6000 7.114713570369796e-09
6100 7.601949342231838e-09
6200 8.106303031524716e-09
6300 8.54486332903038e-09
6400 8.785649296765526e-09
6500 8.926164021799823e-09
6600 8.97481505231946e-09
6700 8.944081934278042e-09
6800 8.902325697276634e-09
6900 8.788888881972452e-09
7000 8.58092035929208e-09
7100 8.22354867788452e-09
7200 7.840402218686995e-09
7300 7.460577358058733e-09
7400 7.0327806991193624e-09
7500 6.593640447623768e-09
7600 6.080410127215041e-09
7700 5.633997950845773e-09
7800 5.156135968281088e-09
7900 4.730791976290958e-09
8000 4.334570637172682e-09
8100 3.947872678802896e-09
8200 3.6152021995236924e-09
8300 3.2497096587721046e-09
8400 2.9301435368388888e-09
8500 2.5770209434887053e-09
8600 2.2816144504333563e-09
8700 1.999679706650821e-09
8800 1.792637900870232e-09
8900 1.5889752339775613e-09
9000 1.3902390444141178e-09
9100 1.224964182587987e-09
9200 1.0380479732523588e-09
9300 8.799871113400463e-10
9400 7.019926864877755e-10
9500 5.455993902391179e-10
9600 4.282340683349909e-10
9700 3.25361992972166e-10
9800 2.6774803549112713e-10
9900 2.1517980506134466e-10
10000 1.5328885587887727e-10
10100 9.506614373190727e-11
10200 3.291134113237398e-11
10300 7.103083339801901e-16
10400 6.060820325703206e-16
10500 4.832939317940334e-16
10600 3.7048151725340374e-16
10700 2.367561578092275e-16
10800 1.0944276271758002e-16
10900 0.0
11000 0.0
11100 0.0
11200 0.0
11300 0.0
11400 0.0
11500 0.0
11600 0.0
11700 0.0
11800 0.0
11900 0.0
12000 0.0
12100 0.0
12200 0.0
12300 0.0
12400 0.0
12500 0.0
12600 0.0
12700 0.0
12800 0.0
12900 0.0
13000 0.0
13100 0.0
13200 0.0
13300 0.0
13400 0.0
13500 0.0
13600 0.0
13700 0.0
13800 0.0
13900 0.0
14000 0.0
14100 0.0
14200 0.0
14300 0.0
14400 0.0
14500 0.0
14600 0.0
14700 0.0
14800 0.0
14900 0.0
15000 0.0
