
# Total neutron yield = 0.0  n/decay
	 f19 0.0
# Integral of spectrum = 3.065901393274078e-05  n/decay
100 0.0
200 0.0
300 0.0
400 0.0
500 0.0
600 0.0
700 0.0
800 0.0
900 0.0
1000 0.0
1100 0.0
1200 0.0
1300 0.0
1400 0.0
1500 0.0
1600 0.0
1700 0.0
1800 0.0
1900 0.0
2000 0.0
2100 0.0
2200 0.0
2300 0.0
2400 0.0
2500 0.0
2600 0.0
2700 0.0
2800 0.0
2900 0.0
3000 0.0
3100 0.0
3200 0.0
3300 0.0
3400 0.0
3500 0.0
3600 0.0
3700 0.0
3800 0.0
3900 0.0
4000 0.0
4100 0.0
4200 0.0
4300 0.0
4400 0.0
4500 0.0
4600 0.0
4700 0.0
4800 6.070416624480037e-13
4900 1.2715659629336273e-11
5000 5.726799153232636e-11
5100 1.3657139141690757e-10
5200 2.517542148122648e-10
5300 4.3222779520663144e-10
5400 6.843174804781025e-10
5500 1.0058452370986143e-09
5600 1.4104550418062212e-09
5700 1.869202291178467e-09
5800 2.4424085435021646e-09
5900 3.1077987794319597e-09
6000 3.865271208485183e-09
6100 4.647600926912355e-09
6200 5.45138952111777e-09
6300 6.225113830849826e-09
6400 7.075021790428074e-09
6500 7.853763588419474e-09
6600 8.599556402406679e-09
6700 9.289432840452424e-09
6800 9.99823946313605e-09
6900 1.061414379149715e-08
7000 1.1044591247173006e-08
7100 1.1346483827973445e-08
7200 1.1598768374003225e-08
7300 1.1789356508262232e-08
7400 1.1894141478212312e-08
7500 1.1855032051310966e-08
7600 1.1661461918523424e-08
7700 1.1336448960322808e-08
7800 1.0965738328638496e-08
7900 1.0544025584228347e-08
8000 1.0044051482467978e-08
8100 9.437497484692699e-09
8200 8.863232839974518e-09
8300 8.292028469909495e-09
8400 7.687548359984531e-09
8500 7.12609867115408e-09
8600 6.554737467520097e-09
8700 6.065606230749642e-09
8800 5.585038988465585e-09
8900 5.07257500030614e-09
9000 4.604268565736805e-09
9100 4.104587075050792e-09
9200 3.6681312924073363e-09
9300 3.2502692776192616e-09
9400 2.912990180615672e-09
9500 2.581329793487953e-09
9600 2.2574246496476034e-09
9700 1.974232644553103e-09
9800 1.6702983372230477e-09
9900 1.4053404319905753e-09
10000 1.123340799021e-09
10100 8.770852224922518e-10
10200 6.877250670014235e-10
10300 5.230712636114611e-10
10400 4.1991784190681316e-10
10500 3.2586304053383067e-10
10600 2.3280189484907663e-10
10700 1.3270438298561744e-10
10800 4.358539842965394e-11
10900 1.2119788181058322e-15
11000 1.0027800294295055e-15
11100 7.756586238133752e-16
11200 5.704679143352083e-16
11300 3.4946437851282957e-16
11400 1.5256135816443428e-16
11500 0.0
11600 0.0
11700 0.0
11800 0.0
11900 0.0
12000 0.0
12100 0.0
12200 0.0
12300 0.0
12400 0.0
12500 0.0
12600 0.0
12700 0.0
12800 0.0
12900 0.0
13000 0.0
13100 0.0
13200 0.0
13300 0.0
13400 0.0
13500 0.0
13600 0.0
13700 0.0
13800 0.0
13900 0.0
14000 0.0
14100 0.0
14200 0.0
14300 0.0
14400 0.0
14500 0.0
14600 0.0
14700 0.0
14800 0.0
14900 0.0
15000 0.0
